% time-domain voltage integration by openEMS v0.37.0-rc2-22-ga8efa7d @Sat Oct 10 21:54:03 2026
% start-coordinates: (-2.18e-06,-2.368e-05,0.00029118) m -> [62,17,12]
% stop-coordinates: (-8e-08,-2.368e-05,0.00029118) m -> [64,17,12]
% t/s	voltage
0	-0
3.12466414547e-12	-4.24466128912e-09
6.24932829094e-12	-3.83462750442e-09
9.3739924364e-12	1.09838976803e-09
1.24986565819e-11	1.79180590365e-08
1.56233207273e-11	5.71928548965e-08
1.87479848728e-11	1.29771862589e-07
2.18726490183e-11	2.36384096297e-07
2.49973131637e-11	3.50560554807e-07
2.81219773092e-11	3.98363454224e-07
3.12466414547e-11	2.47999096814e-07
3.43713056001e-11	-2.70741665531e-07
3.74959697456e-11	-1.29882579358e-06
4.06206338911e-11	-2.83421559288e-06
4.37452980366e-11	-4.60868272967e-06
4.6869962182e-11	-6.02908949077e-06
4.99946263275e-11	-6.26589508101e-06
5.3119290473e-11	-4.52614654023e-06
5.62439546184e-11	-4.51717525607e-07
5.93686187639e-11	5.52475876248e-06
6.24932829094e-11	1.20791792142e-05
6.56179470548e-11	1.72913687493e-05
6.87426112003e-11	1.92947882169e-05
7.18672753458e-11	1.70333723872e-05
7.49919394912e-11	1.07731166281e-05
7.81166036367e-11	2.09815004837e-06
8.12412677822e-11	-6.64084086566e-06
8.43659319276e-11	-1.31853716994e-05
8.74905960731e-11	-1.61487387231e-05
9.06152602186e-11	-1.53862670231e-05
9.3739924364e-11	-1.18480943456e-05
9.68645885095e-11	-7.05450747773e-06
9.9989252655e-11	-2.47745299475e-06
1.031139168e-10	9.0605647074e-07
1.06238580946e-10	2.76150626632e-06
1.09363245091e-10	3.27867314809e-06
1.12487909237e-10	2.91894878046e-06
1.15612573382e-10	2.17001149849e-06
1.18737237528e-10	1.39302255775e-06
1.21861901673e-10	7.77929585638e-07
1.24986565819e-10	3.74140284976e-07
1.28111229964e-10	1.49939701544e-07
1.3123589411e-10	4.60977656047e-08
1.34360558255e-10	8.42513347976e-09
1.37485222401e-10	1.08938788546e-10
1.40609886546e-10	1.2245109926e-09
1.43734550692e-10	4.69067673592e-09
1.46859214837e-10	5.87609072511e-09
1.49983878982e-10	3.87078991082e-09
1.53108543128e-10	2.38029551625e-09
1.56233207273e-10	1.25474025614e-09
1.59357871419e-10	3.50972972907e-10
1.62482535564e-10	-3.15578563281e-10
1.6560719971e-10	-7.89385279365e-10
1.68731863855e-10	-1.15928744382e-09
1.71856528001e-10	-1.43183731538e-09
1.74981192146e-10	-1.607744049e-09
1.78105856292e-10	-1.69530989247e-09
1.81230520437e-10	-1.78358217084e-09
1.84355184583e-10	-1.79469250572e-09
1.87479848728e-10	-1.76271547359e-09
1.90604512874e-10	-1.75393294333e-09
1.93729177019e-10	-1.73668818215e-09
1.96853841164e-10	-1.66026525861e-09
1.9997850531e-10	-1.60788227177e-09
2.03103169455e-10	-1.5688700894e-09
2.06227833601e-10	-1.51129375681e-09
2.09352497746e-10	-1.42532352587e-09
2.12477161892e-10	-1.35703875914e-09
2.15601826037e-10	-1.29169508423e-09
2.18726490183e-10	-1.23774385186e-09
2.21851154328e-10	-1.17888382389e-09
2.24975818474e-10	-1.11902737077e-09
2.28100482619e-10	-1.06381115028e-09
2.31225146765e-10	-1.01423119903e-09
2.3434981091e-10	-9.58260859552e-10
