% time-domain current integration by openEMS v0.37.0-rc2-22-ga8efa7d @Sat Oct 10 21:54:03 2026
% start-coordinates: (-1.1425e-06,-2.73756e-05,0.000288573) m -> [63,14,10]
% stop-coordinates: (-1.1425e-06,-2.118e-05,0.00029218) m -> [63,19,13]
% t/s	current
8.44960558537e-16	0
3.12550910603e-12	-1.92448782604e-11
6.25017325149e-12	-3.56037872795e-11
9.37483739696e-12	-2.83997608416e-12
1.24995015424e-11	1.49149234629e-10
1.56241656879e-11	5.49344791878e-10
1.87488298334e-11	1.35557098879e-09
2.18734939788e-11	2.6881470383e-09
2.49981581243e-11	4.46884440564e-09
2.81228222698e-11	6.18324991208e-09
3.12474864152e-11	6.64925137173e-09
3.43721505607e-11	3.93893540007e-09
3.74968147062e-11	-4.34455804665e-09
4.06214788516e-11	-2.02790140236e-08
4.37461429971e-11	-4.43934951022e-08
4.68708071426e-11	-7.43458627994e-08
4.9995471288e-11	-1.04141378188e-07
5.31201354335e-11	-1.24570505022e-07
5.6244799579e-11	-1.25207336055e-07
5.93694637245e-11	-9.76901972649e-08
6.24941278699e-11	-3.92723258358e-08
6.56187920154e-11	4.4777653585e-08
6.87434561609e-11	1.41161322631e-07
7.18681203063e-11	2.31349517321e-07
7.49927844518e-11	2.96510222597e-07
7.81174485973e-11	3.22917941276e-07
8.12421127427e-11	3.0592730127e-07
8.43667768882e-11	2.51079256941e-07
8.74914410337e-11	1.72031548118e-07
9.06161051791e-11	8.61869082769e-08
9.37407693246e-11	9.6997903043e-09
9.68654334701e-11	-4.6421682498e-08
9.99900976155e-11	-7.80288260671e-08
1.03114761761e-10	-8.72189716006e-08
1.06239425906e-10	-8.01099560022e-08
1.09364090052e-10	-6.41229647158e-08
1.12488754197e-10	-4.57436222234e-08
1.15613418343e-10	-2.9317538619e-08
1.18738082488e-10	-1.68773581777e-08
1.21862746634e-10	-8.66580052161e-09
1.24987410779e-10	-3.9136391905e-09
1.28112074925e-10	-1.52568346845e-09
1.3123673907e-10	-5.15630038667e-10
1.34361403216e-10	-1.82927201164e-10
1.37486067361e-10	-1.17919729536e-10
1.40610731507e-10	-1.23074300751e-10
1.43735395652e-10	-9.31817470406e-11
1.46860059798e-10	-1.17591797411e-10
1.49984723943e-10	-7.67809149593e-11
1.53109388088e-10	-4.73862303563e-11
1.56234052234e-10	-2.48660675384e-11
1.59358716379e-10	-6.64720362087e-12
1.62483380525e-10	6.00942386131e-12
1.6560804467e-10	1.59042830988e-11
1.68732708816e-10	2.33314305376e-11
1.71857372961e-10	2.88777109864e-11
1.74982037107e-10	3.20332510517e-11
1.78106701252e-10	3.38554184687e-11
1.81231365398e-10	3.55919183015e-11
1.84356029543e-10	3.59763642488e-11
1.87480693689e-10	3.53733049796e-11
1.90605357834e-10	3.52713205864e-11
1.9373002198e-10	3.47129408551e-11
1.96854686125e-10	3.33165058042e-11
1.99979350271e-10	3.22289001042e-11
2.03104014416e-10	3.13971557087e-11
2.06228678561e-10	3.02026147148e-11
2.09353342707e-10	2.84992099364e-11
2.12478006852e-10	2.71398702123e-11
2.15602670998e-10	2.58939432396e-11
2.18727335143e-10	2.49089499027e-11
2.21851999289e-10	2.37220069976e-11
2.24976663434e-10	2.24427802731e-11
2.2810132758e-10	2.12550272521e-11
2.31225991725e-10	2.0318823013e-11
2.34350655871e-10	1.91054030235e-11
