% time-domain voltage integration by openEMS v0.37.0-rc2-22-ga8efa7d @Sun Oct 11 05:09:00 2026
% start-coordinates: (-1.05e-06,1.5e-06,0.00029118) m -> [52,17,12]
% stop-coordinates: (1.05e-06,1.5e-06,0.00029118) m -> [54,17,12]
% t/s	voltage
0	-0
3.1249671103e-12	-4.33983937675e-09
6.24993422061e-12	-3.50937112703e-09
9.37490133091e-12	1.89566828901e-09
1.24998684412e-11	1.91179365672e-08
1.56248355515e-11	5.8383223589e-08
1.87498026618e-11	1.29307476726e-07
2.18747697721e-11	2.30608065976e-07
2.49997368824e-11	3.33541493092e-07
2.81247039927e-11	3.63127753644e-07
3.1249671103e-11	1.90752892593e-07
3.43746382133e-11	-3.42455749092e-07
3.74996053236e-11	-1.35625845132e-06
4.06245724339e-11	-2.82073972357e-06
4.37495395443e-11	-4.44446254733e-06
4.68745066546e-11	-5.63448043067e-06
4.99994737649e-11	-5.60425451113e-06
5.31244408752e-11	-3.65390587831e-06
5.62494079855e-11	4.48472121661e-07
5.93743750958e-11	6.1563609961e-06
6.24993422061e-11	1.21045304695e-05
6.56243093164e-11	1.64528214555e-05
6.87492764267e-11	1.75406748895e-05
7.1874243537e-11	1.45898047776e-05
7.49992106473e-11	8.11685981716e-06
7.81241777576e-11	-1.7400429897e-07
8.12491448679e-11	-8.0004551819e-06
8.43741119782e-11	-1.33430307869e-05
8.74990790885e-11	-1.51370027197e-05
9.06240461988e-11	-1.35259879244e-05
9.37490133091e-11	-9.62062358667e-06
9.68739804194e-11	-4.9395057431e-06
9.99989475297e-11	-8.21534257511e-07
1.0312391464e-10	1.94966673916e-06
1.0624888175e-10	3.21856691698e-06
1.09373848861e-10	3.29035003688e-06
1.12498815971e-10	2.66595657195e-06
1.15623783081e-10	1.81301885505e-06
1.18748750192e-10	1.04241846088e-06
1.21873717302e-10	4.90337114911e-07
1.24998684412e-10	1.64940423986e-07
1.28123651522e-10	1.07557323048e-08
1.31248618633e-10	-4.05236217915e-08
1.34373585743e-10	-4.30961435427e-08
1.37498552853e-10	-2.9857400996e-08
1.40623519964e-10	-1.62068167775e-08
1.43748487074e-10	-5.59951196522e-09
1.46873454184e-10	-6.55788950921e-10
1.49998421295e-10	-2.64252439375e-11
1.53123388405e-10	2.10580414217e-10
1.56248355515e-10	1.99516569932e-10
1.59373322625e-10	3.89746724477e-11
1.62498289736e-10	-7.68944560803e-11
1.65623256846e-10	-2.7055734042e-10
1.68748223956e-10	-3.83358580991e-10
1.71873191067e-10	-4.73349401342e-10
1.74998158177e-10	-5.3983537085e-10
1.78123125287e-10	-6.19263196278e-10
1.81248092398e-10	-6.31475760571e-10
1.84373059508e-10	-6.47885911587e-10
1.87498026618e-10	-6.60272281294e-10
1.90622993729e-10	-6.22485729629e-10
