% time-domain current integration by openEMS v0.37.0-rc2-22-ga8efa7d @Sun Oct 11 05:09:00 2026
% start-coordinates: (-9.0625e-08,-2.19556e-06,0.000288573) m -> [53,14,10]
% stop-coordinates: (-9.0625e-08,4e-06,0.00029218) m -> [53,19,13]
% t/s	current
8.28025201458e-16	0
3.12579513551e-12	-1.94037286239e-11
6.25076224581e-12	-4.41574901644e-11
9.37572935611e-12	-1.81414726991e-11
1.25006964664e-11	1.35453273598e-10
1.56256635767e-11	5.60297364061e-10
1.8750630687e-11	1.44532574797e-09
2.18755977973e-11	2.95419000373e-09
2.50005649076e-11	5.04056307804e-09
2.81255320179e-11	7.17058012967e-09
3.12504991282e-11	8.01813193618e-09
3.43754662385e-11	5.31897548228e-09
3.75004333488e-11	-3.85037202122e-09
4.06254004592e-11	-2.21604707917e-08
4.37503675695e-11	-5.04933623802e-08
4.68753346798e-11	-8.61993996182e-08
5.00003017901e-11	-1.21955039845e-07
5.31252689004e-11	-1.46184689243e-07
5.62502360107e-11	-1.45608510138e-07
5.9375203121e-11	-1.0964217978e-07
6.25001702313e-11	-3.5253698627e-08
6.56251373416e-11	6.97639279679e-08
6.87501044519e-11	1.86969145943e-07
7.18750715622e-11	2.91528095886e-07
7.50000386725e-11	3.59413945716e-07
7.81250057828e-11	3.74960734462e-07
8.12499728931e-11	3.35811932928e-07
8.43749400034e-11	2.5331831921e-07
8.74999071137e-11	1.48360228991e-07
9.0624874224e-11	4.44267129751e-08
9.37498413343e-11	-3.92618950684e-08
9.68748084446e-11	-9.21780625163e-08
9.99997755549e-11	-1.13355802966e-07
1.03124742665e-10	-1.09170180451e-07
1.06249709776e-10	-8.95346161656e-08
1.09374676886e-10	-6.42098498815e-08
1.12499643996e-10	-4.03906383895e-08
1.15624611106e-10	-2.19032845195e-08
1.18749578217e-10	-9.67391855511e-09
1.21874545327e-10	-2.80731504709e-09
1.24999512437e-10	3.16531939548e-10
1.28124479548e-10	1.27041510645e-09
1.31249446658e-10	1.21499155181e-09
1.34374413768e-10	8.41725689149e-10
1.37499380879e-10	4.76340022981e-10
1.40624347989e-10	2.22253507265e-10
1.43749315099e-10	1.1198703076e-10
1.46874282209e-10	1.31830596786e-11
1.4999924932e-10	2.04940231452e-14
1.5312421643e-10	-4.41001488799e-12
1.5624918354e-10	-4.1528846334e-12
1.59374150651e-10	-5.26672455647e-13
1.62499117761e-10	1.53448694723e-12
1.65624084871e-10	5.54275635806e-12
1.68749051982e-10	7.74072732995e-12
1.71874019092e-10	9.63958253497e-12
1.74998986202e-10	1.09865692932e-11
1.78123953313e-10	1.2410532671e-11
1.81248920423e-10	1.25847570212e-11
1.84373887533e-10	1.30064951864e-11
1.87498854643e-10	1.30794420433e-11
1.90623821754e-10	1.23701101445e-11
