% time-domain voltage integration by openEMS v0.37.0-rc2-22-ga8efa7d @Sat Oct 10 18:07:40 2026
% start-coordinates: (-7.8e-06,-5.72e-06,0.00029118) m -> [50,16,12]
% stop-coordinates: (7.3e-06,-5.72e-06,0.00029118) m -> [66,16,12]
% t/s	voltage
0	-0
3.12375568834e-12	-6.20543588736e-10
6.24751137668e-12	-5.40194444731e-10
9.37126706502e-12	3.45379709207e-10
1.24950227534e-11	3.31580385371e-09
1.56187784417e-11	1.01869943592e-08
1.874253413e-11	2.27550471799e-08
2.18662898184e-11	4.11571363657e-08
2.49900455067e-11	6.11268298201e-08
2.8113801195e-11	7.06827716357e-08
3.12375568834e-11	4.83877204971e-08
3.43613125717e-11	-3.37118121196e-08
3.74850682601e-11	-1.99995948691e-07
4.06088239484e-11	-4.54051615861e-07
4.37325796367e-11	-7.5976026892e-07
4.68563353251e-11	-1.03135081986e-06
4.99800910134e-11	-1.1441704828e-06
5.31038467018e-11	-9.71830218077e-07
5.62276023901e-11	-4.41988021294e-07
5.93513580784e-11	4.11503654263e-07
6.24751137668e-11	1.42878064935e-06
6.55988694551e-11	2.35599452481e-06
6.87226251434e-11	2.92558661386e-06
7.18463808318e-11	2.95480043633e-06
7.49701365201e-11	2.4187538088e-06
7.80938922085e-11	1.46305012549e-06
8.12176478968e-11	3.49099764207e-07
8.43414035851e-11	-6.42453626298e-07
8.74651592735e-11	-1.30636314566e-06
9.05889149618e-11	-1.56659973527e-06
9.37126706502e-11	-1.47392267991e-06
9.68364263385e-11	-1.15904663289e-06
9.99601820268e-11	-7.70065057054e-07
1.03083937715e-10	-4.22271803302e-07
1.06207693404e-10	-1.75452811391e-07
1.09331449092e-10	-3.78849197569e-08
1.1245520478e-10	1.43128247032e-08
1.15578960469e-10	1.55937538437e-08
1.18702716157e-10	-4.20196322182e-09
1.21826471845e-10	-2.61763064557e-08
1.24950227534e-10	-4.19656736028e-08
1.28073983222e-10	-5.0174066013e-08
1.3119773891e-10	-5.26115273014e-08
1.34321494599e-10	-5.16970432348e-08
1.37445250287e-10	-4.93084821446e-08
1.40569005975e-10	-4.65185765325e-08
1.43692761664e-10	-4.35250010003e-08
1.46816517352e-10	-4.11653965355e-08
1.4994027304e-10	-3.89708222262e-08
1.53064028729e-10	-3.69038394667e-08
1.56187784417e-10	-3.49205718816e-08
1.59311540105e-10	-3.30548117745e-08
1.62435295794e-10	-3.13034386664e-08
1.65559051482e-10	-2.9633366684e-08
1.6868280717e-10	-2.80573661114e-08
1.71806562859e-10	-2.65704992678e-08
1.74930318547e-10	-2.51578452309e-08
1.78054074235e-10	-2.38321663048e-08
1.81177829924e-10	-2.25682544709e-08
1.84301585612e-10	-2.13766571674e-08
1.874253413e-10	-2.0255666736e-08
1.90549096989e-10	-1.91858921134e-08
1.93672852677e-10	-1.81822564455e-08
1.96796608365e-10	-1.72210638053e-08
1.99920364054e-10	-1.63307000294e-08
2.03044119742e-10	-1.54689783728e-08
2.0616787543e-10	-1.46637191667e-08
2.09291631119e-10	-1.38985017904e-08
2.12415386807e-10	-1.31766642172e-08
2.15539142495e-10	-1.24894881513e-08
2.18662898184e-10	-1.18410942114e-08
2.21786653872e-10	-1.12238590139e-08
2.2491040956e-10	-1.06449983859e-08
2.28034165249e-10	-1.00971767459e-08
2.31157920937e-10	-9.57313013034e-09
2.34281676625e-10	-9.08321235636e-09
2.37405432314e-10	-8.61319485774e-09
2.40529188002e-10	-8.17302329306e-09
2.4365294369e-10	-7.75402557512e-09
2.46776699379e-10	-7.35500628809e-09
2.49900455067e-10	-6.97998935804e-09
2.53024210755e-10	-6.62393055051e-09
2.56147966444e-10	-6.28412257968e-09
2.59271722132e-10	-5.96630491207e-09
2.6239547782e-10	-5.66149864073e-09
2.65519233509e-10	-5.37398847352e-09
2.68642989197e-10	-5.102351942e-09
2.71766744885e-10	-4.84380621749e-09
2.74890500574e-10	-4.59675348651e-09
2.78014256262e-10	-4.3662090918e-09
2.8113801195e-10	-4.14426410258e-09
2.84261767639e-10	-3.93589633372e-09
2.87385523327e-10	-3.73666766625e-09
2.90509279015e-10	-3.5500758615e-09
2.93633034704e-10	-3.37089171695e-09
2.96756790392e-10	-3.20211846604e-09
2.9988054608e-10	-3.04055943158e-09
3.03004301769e-10	-2.8884496986e-09
3.06128057457e-10	-2.74520363232e-09
3.09251813145e-10	-2.60938078009e-09
3.12375568834e-10	-2.47931808903e-09
3.15499324522e-10	-2.35397148638e-09
3.18623080211e-10	-2.2370749027e-09
3.21746835899e-10	-2.12535458934e-09
3.24870591587e-10	-2.02107834372e-09
3.27994347276e-10	-1.92133955864e-09
3.31118102964e-10	-1.82495678977e-09
3.34241858652e-10	-1.73369843895e-09
3.37365614341e-10	-1.64941165125e-09
3.40489370029e-10	-1.56825579004e-09
3.43613125717e-10	-1.48975022627e-09
3.46736881406e-10	-1.41647848985e-09
3.49860637094e-10	-1.34797803763e-09
3.52984392782e-10	-1.28115751711e-09
3.56108148471e-10	-1.21819607938e-09
3.59231904159e-10	-1.1575761213e-09
3.62355659847e-10	-1.10274475898e-09
3.65479415536e-10	-1.04804297035e-09
3.68603171224e-10	-9.95217897884e-10
3.71726926912e-10	-9.48910624811e-10
3.74850682601e-10	-9.01138838212e-10
3.77974438289e-10	-8.57352063614e-10
3.81098193977e-10	-8.14897412485e-10
3.84221949666e-10	-7.75344379466e-10
3.87345705354e-10	-7.37891263976e-10
3.90469461042e-10	-7.02634942194e-10
3.93593216731e-10	-6.68581555817e-10
3.96716972419e-10	-6.36221183113e-10
3.99840728107e-10	-6.04520639995e-10
4.02964483796e-10	-5.75921642685e-10
4.06088239484e-10	-5.47376755742e-10
4.09211995172e-10	-5.21941224751e-10
4.12335750861e-10	-4.95696827366e-10
4.15459506549e-10	-4.71594657756e-10
4.18583262237e-10	-4.497783916e-10
4.21707017926e-10	-4.28372075349e-10
4.24830773614e-10	-4.08169546673e-10
4.27954529302e-10	-3.86437550722e-10
4.31078284991e-10	-3.68645785651e-10
4.34202040679e-10	-3.50844789678e-10
