% time-domain current integration by openEMS v0.37.0-rc2-22-ga8efa7d @Sat Oct 10 18:07:40 2026
% start-coordinates: (-1.3e-06,-7.91556e-06,0.000288573) m -> [57,14,10]
% stop-coordinates: (-1.3e-06,-4.72e-06,0.00029218) m -> [57,17,13]
% t/s	current
8.3300151689e-16	0
3.12458868986e-12	1.47785863408e-12
6.24834437819e-12	-6.65961686838e-12
9.37210006653e-12	-1.65926506476e-12
1.24958557549e-11	2.32538363565e-11
1.56196114432e-11	8.72103222971e-11
1.87433671315e-11	2.21564169789e-10
2.18671228199e-11	4.5312015251e-10
2.49908785082e-11	7.78324960038e-10
2.81146341966e-11	1.12776676886e-09
3.12383898849e-11	1.32341115844e-09
3.43621455732e-11	1.04804076528e-09
3.74859012616e-11	-1.25430776876e-10
4.06096569499e-11	-2.62785304628e-09
4.37334126383e-11	-6.70462885211e-09
4.68571683266e-11	-1.21860690427e-08
4.99809240149e-11	-1.8306939964e-08
5.31046797033e-11	-2.3690708062e-08
5.62284353916e-11	-2.65719179993e-08
5.93521910799e-11	-2.52525964584e-08
6.24759467683e-11	-1.86746085262e-08
6.55997024566e-11	-6.90087986754e-09
6.8723458145e-11	8.69911165324e-09
7.18472138333e-11	2.56800554155e-08
7.49709695216e-11	4.11229841291e-08
7.809472521e-11	5.24173024985e-08
8.12184808983e-11	5.794960245e-08
8.43422365867e-11	5.74638789885e-08
8.7465992275e-11	5.19877332295e-08
9.05897479633e-11	4.33942872746e-08
9.37135036517e-11	3.3788037257e-08
9.683725934e-11	2.49413041331e-08
9.99610150283e-11	1.79533454769e-08
1.03084770717e-10	1.3185563752e-08
1.06208526405e-10	1.04179189719e-08
1.09332282093e-10	9.1134113589e-09
1.12456037782e-10	8.67286065187e-09
1.1557979347e-10	8.60570992245e-09
1.18703549158e-10	8.59831938982e-09
1.21827304847e-10	8.50259151974e-09
1.24951060535e-10	8.28513790907e-09
1.28074816223e-10	7.97055044188e-09
1.31198571912e-10	7.60106910747e-09
1.343223276e-10	7.21215664967e-09
1.37446083288e-10	6.82754608405e-09
1.40569838977e-10	6.45841646829e-09
1.43693594665e-10	6.11511374871e-09
1.46817350353e-10	5.77935299617e-09
1.49941106042e-10	5.47149436869e-09
1.5306486173e-10	5.18033305141e-09
1.56188617418e-10	4.90160534383e-09
1.59312373107e-10	4.63995952771e-09
1.62436128795e-10	4.39377645378e-09
1.65559884483e-10	4.15943812726e-09
1.68683640172e-10	3.93806276477e-09
1.7180739586e-10	3.72935726745e-09
1.74931151548e-10	3.53139806286e-09
1.78054907237e-10	3.34480354525e-09
1.81178662925e-10	3.16787684973e-09
1.84302418613e-10	3.00064040282e-09
1.87426174302e-10	2.84292234198e-09
1.9054992999e-10	2.69304023526e-09
1.93673685678e-10	2.55181653586e-09
1.96797441367e-10	2.4177420066e-09
1.99921197055e-10	2.29151586595e-09
2.03044952744e-10	2.17116702395e-09
2.06168708432e-10	2.05804018272e-09
2.0929246412e-10	1.95061988784e-09
2.12416219809e-10	1.84920223578e-09
2.15539975497e-10	1.75294756488e-09
2.18663731185e-10	1.66200009311e-09
2.21787486874e-10	1.57572610515e-09
2.24911242562e-10	1.49422263451e-09
2.2803499825e-10	1.41711642421e-09
2.31158753939e-10	1.34391808793e-09
2.34282509627e-10	1.27481669665e-09
2.37406265315e-10	1.20901166856e-09
2.40530021004e-10	1.14710185795e-09
2.43653776692e-10	1.08827358236e-09
2.4677753238e-10	1.03248443128e-09
2.49901288069e-10	9.79637038157e-10
2.53025043757e-10	9.29679722095e-10
2.56148799445e-10	8.82050654738e-10
2.59272555134e-10	8.37279690025e-10
2.62396310822e-10	7.9450590551e-10
2.6552006651e-10	7.54199092068e-10
2.68643822199e-10	7.16045056581e-10
2.71767577887e-10	6.79709233342e-10
2.74891333575e-10	6.45211217787e-10
2.78015089264e-10	6.12665085331e-10
2.81138844952e-10	5.8166216288e-10
2.8426260064e-10	5.52324075365e-10
2.87386356329e-10	5.24477461461e-10
2.90510112017e-10	4.98164010043e-10
2.93633867705e-10	4.73087902186e-10
2.96757623394e-10	4.49333098507e-10
2.99881379082e-10	4.26811780363e-10
3.0300513477e-10	4.05399158687e-10
3.06128890459e-10	3.85279447235e-10
3.09252646147e-10	3.66039976107e-10
3.12376401835e-10	3.47811224266e-10
3.15500157524e-10	3.30353300271e-10
3.18623913212e-10	3.13927939199e-10
3.217476689e-10	2.98369440266e-10
3.24871424589e-10	2.83591927719e-10
3.27995180277e-10	2.69499839112e-10
3.31118935965e-10	2.5609897536e-10
3.34242691654e-10	2.43440989589e-10
3.37366447342e-10	2.31430541398e-10
3.4049020303e-10	2.20024165554e-10
3.43613958719e-10	2.09101569393e-10
3.46737714407e-10	1.98810690133e-10
3.49861470095e-10	1.89081694746e-10
3.52985225784e-10	1.79784825916e-10
3.56108981472e-10	1.709076769e-10
3.5923273716e-10	1.62455576769e-10
3.62356492849e-10	1.54620927173e-10
3.65480248537e-10	1.47012721441e-10
3.68604004225e-10	1.39739719796e-10
3.71727759914e-10	1.3299857049e-10
3.74851515602e-10	1.26469015815e-10
3.7797527129e-10	1.20340820642e-10
3.81099026979e-10	1.14437362364e-10
3.84222782667e-10	1.0886705426e-10
3.87346538355e-10	1.03584009425e-10
3.90470294044e-10	9.85157649902e-11
3.93594049732e-10	9.37570368564e-11
3.9671780542e-10	8.92547355469e-11
3.99841561109e-10	8.48705203338e-11
4.02965316797e-10	8.07597044794e-11
4.06089072486e-10	7.6851178199e-11
4.09212828174e-10	7.32106320012e-11
4.12336583862e-10	6.95698984532e-11
4.15460339551e-10	6.62202098711e-11
4.18584095239e-10	6.31133270645e-11
4.21707850927e-10	6.00645436166e-11
4.24831606616e-10	5.71933611582e-11
4.27955362304e-10	5.43387904117e-11
4.31079117992e-10	5.17631527919e-11
4.34202873681e-10	4.92746538017e-11
