% time-domain voltage integration by openEMS v0.37.0-rc2-22-ga8efa7d @Fri Oct  9 19:42:14 2026
% start-coordinates: (-1.44e-06,-2.134e-05,0.00029598) m -> [121,16,12]
% stop-coordinates: (5.6e-06,-2.134e-05,0.00029598) m -> [127,16,12]
% t/s	voltage
0	-0
3.12472837226e-12	-9.23083540161e-10
6.24945674451e-12	-9.08556077595e-10
9.37418511677e-12	3.0907489415e-10
1.2498913489e-11	4.68016886357e-09
1.56236418613e-11	1.49439243202e-08
1.87483702335e-11	3.40488899297e-08
2.18730986058e-11	6.25650651287e-08
2.49978269781e-11	9.42393896253e-08
2.81225553503e-11	1.1098136099e-07
3.12472837226e-11	7.94440744301e-08
3.43720120948e-11	-4.45851842112e-08
3.74967404671e-11	-3.00977191614e-07
4.06214688393e-11	-6.97658634863e-07
4.37461972116e-11	-1.17980997061e-06
4.68709255838e-11	-1.61211266914e-06
4.99956539561e-11	-1.79402559297e-06
5.31203823284e-11	-1.51839839191e-06
5.62451107006e-11	-6.62527156692e-07
5.93698390729e-11	7.24119771256e-07
6.24945674451e-11	2.38289695176e-06
6.56192958174e-11	3.89461939676e-06
6.87440241896e-11	4.8106264785e-06
7.18687525619e-11	4.81864003632e-06
7.49934809342e-11	3.87016757486e-06
7.81182093064e-11	2.20780964355e-06
8.12429376787e-11	2.77267943716e-07
8.43676660509e-11	-1.43611122105e-06
8.74923944232e-11	-2.57218721345e-06
9.06171227954e-11	-2.99364407397e-06
9.37418511677e-11	-2.78654869135e-06
9.686657954e-11	-2.18145098074e-06
9.99913079122e-11	-1.44370264366e-06
1.03116036284e-10	-7.82915307695e-07
1.06240764657e-10	-3.10001585291e-07
1.09365493029e-10	-4.21649654081e-08
1.12490221401e-10	6.33957313312e-08
1.15614949773e-10	7.03606133357e-08
1.18739678146e-10	3.49739686101e-08
1.21864406518e-10	-6.3581868659e-09
1.2498913489e-10	-3.69569179703e-08
1.28113863263e-10	-5.35003561453e-08
1.31238591635e-10	-5.90644414489e-08
1.34363320007e-10	-5.81337483083e-08
1.37488048379e-10	-5.4303541358e-08
1.40612776752e-10	-4.96931941152e-08
1.43737505124e-10	-4.48468189043e-08
1.46862233496e-10	-4.10164364365e-08
1.49986961868e-10	-3.76861037403e-08
1.53111690241e-10	-3.46053642443e-08
1.56236418613e-10	-3.18162534062e-08
1.59361146985e-10	-2.92182185252e-08
1.62485875357e-10	-2.68662659142e-08
1.6561060373e-10	-2.46966576408e-08
1.68735332102e-10	-2.26987502345e-08
1.71860060474e-10	-2.08960261715e-08
1.74984788846e-10	-1.92221526474e-08
1.78109517219e-10	-1.77032000222e-08
1.81234245591e-10	-1.63007190463e-08
1.84358973963e-10	-1.50068101882e-08
1.87483702335e-10	-1.3827257811e-08
1.90608430708e-10	-1.27567892543e-08
1.9373315908e-10	-1.1766557778e-08
1.96857887452e-10	-1.08630655356e-08
1.99982615824e-10	-1.00274631359e-08
2.03107344197e-10	-9.26062048269e-09
2.06232072569e-10	-8.55373121162e-09
2.09356800941e-10	-7.90723084232e-09
2.12481529313e-10	-7.31795539487e-09
2.15606257686e-10	-6.77616480592e-09
2.18730986058e-10	-6.27028359746e-09
2.2185571443e-10	-5.81065962837e-09
2.24980442802e-10	-5.38696766535e-09
2.28105171175e-10	-5.00134814552e-09
2.31229899547e-10	-4.63791216348e-09
2.34354627919e-10	-4.31022165897e-09
2.37479356291e-10	-3.9984306211e-09
2.40604084664e-10	-3.72258768581e-09
2.43728813036e-10	-3.467244799e-09
2.46853541408e-10	-3.22239150619e-09
2.49978269781e-10	-3.00813620454e-09
2.53102998153e-10	-2.79931868527e-09
2.56227726525e-10	-2.61121883664e-09
2.59352454897e-10	-2.4436066625e-09
2.6247718327e-10	-2.2785286726e-09
2.65601911642e-10	-2.13519795768e-09
2.68726640014e-10	-1.99676283689e-09
2.71851368386e-10	-1.86766565841e-09
2.74976096759e-10	-1.75137241537e-09
2.78100825131e-10	-1.64242255473e-09
2.81225553503e-10	-1.54230486867e-09
2.84350281875e-10	-1.44683985756e-09
2.87475010248e-10	-1.36105786559e-09
2.9059973862e-10	-1.2780451427e-09
2.93724466992e-10	-1.20341617932e-09
2.96849195364e-10	-1.13694116329e-09
2.99973923737e-10	-1.06744177831e-09
3.03098652109e-10	-1.00941857162e-09
3.06223380481e-10	-9.50222863285e-10
3.09348108853e-10	-8.9901938552e-10
3.12472837226e-10	-8.48696465319e-10
3.15597565598e-10	-8.03596912104e-10
3.1872229397e-10	-7.60116559213e-10
3.21847022342e-10	-7.19360449897e-10
3.24971750715e-10	-6.82807120361e-10
3.28096479087e-10	-6.49208778641e-10
3.31221207459e-10	-6.16198301043e-10
3.34345935831e-10	-5.84943621101e-10
3.37470664204e-10	-5.53973730441e-10
3.40595392576e-10	-5.28767051032e-10
3.43720120948e-10	-5.01580191443e-10
3.4684484932e-10	-4.78994175378e-10
3.49969577693e-10	-4.54541120454e-10
3.53094306065e-10	-4.36045837567e-10
3.56219034437e-10	-4.14934571023e-10
3.59343762809e-10	-3.96263135261e-10
3.62468491182e-10	-3.78448325954e-10
3.65593219554e-10	-3.60067669962e-10
3.68717947926e-10	-3.47455877329e-10
3.71842676299e-10	-3.26806685338e-10
3.74967404671e-10	-3.18962605297e-10
3.78092133043e-10	-3.02215702659e-10
3.81216861415e-10	-2.90728626286e-10
3.84341589788e-10	-2.77753426704e-10
3.8746631816e-10	-2.66824432449e-10
3.90591046532e-10	-2.54794743924e-10
3.93715774904e-10	-2.4624945865e-10
