% time-domain current integration by openEMS v0.37.0-rc2-22-ga8efa7d @Fri Oct  9 19:42:14 2026
% start-coordinates: (1.95e-06,-2.35356e-05,0.000292173) m -> [124,14,10]
% stop-coordinates: (1.95e-06,-2.034e-05,0.00029798) m -> [124,17,14]
% t/s	current
9.17418782224e-16	0
3.12564579104e-12	-5.22000064701e-12
6.2503741633e-12	-9.75004885856e-12
9.37510253555e-12	-3.9312294739e-12
1.24998309078e-11	2.42168785025e-11
1.56245592801e-11	1.09569450735e-10
1.87492876523e-11	2.91982632517e-10
2.18740160246e-11	6.1164856513e-10
2.49987443968e-11	1.07863273868e-09
2.81234727691e-11	1.60263069482e-09
3.12482011413e-11	1.9460817402e-09
3.43729295136e-11	1.6531217506e-09
3.74976578859e-11	9.68896005094e-11
4.06223862581e-11	-3.39064643029e-09
4.37471146304e-11	-9.22932574809e-09
4.68718430026e-11	-1.72339902349e-08
4.99965713749e-11	-2.63115236265e-08
5.31212997471e-11	-3.43955441906e-08
5.62460281194e-11	-3.8756727605e-08
5.93707564917e-11	-3.67162797943e-08
6.24954848639e-11	-2.65660204946e-08
6.56202132362e-11	-8.38248226387e-09
6.87449416084e-11	1.5641230533e-08
7.18696699807e-11	4.15520737818e-08
7.49943983529e-11	6.46346052235e-08
7.81191267252e-11	8.07259254998e-08
8.12438550975e-11	8.73620251696e-08
8.43685834697e-11	8.43538359163e-08
8.7493311842e-11	7.36160643555e-08
9.06180402142e-11	5.83769335094e-08
9.37427685865e-11	4.2125066102e-08
9.68674969587e-11	2.76790927956e-08
9.9992225331e-11	1.66691069836e-08
1.03116953703e-10	9.49229672642e-09
1.06241682076e-10	5.62540369842e-09
1.09366410448e-10	4.09128153578e-09
1.1249113882e-10	3.87370757693e-09
1.15615867192e-10	4.17929824081e-09
1.18740595565e-10	4.52456472289e-09
1.21865323937e-10	4.69567584815e-09
1.24990052309e-10	4.65861083043e-09
1.28114780681e-10	4.46272530041e-09
1.31239509054e-10	4.17839940425e-09
1.34364237426e-10	3.86129883623e-09
1.37488965798e-10	3.54680085302e-09
1.4061369417e-10	3.251733105e-09
1.43738422543e-10	2.99021984951e-09
1.46863150915e-10	2.73514721982e-09
1.49987879287e-10	2.51318987843e-09
1.53112607659e-10	2.30732810635e-09
1.56237336032e-10	2.12130379929e-09
1.59362064404e-10	1.9482118141e-09
1.62486792776e-10	1.79101089515e-09
1.65611521148e-10	1.64642754985e-09
1.68736249521e-10	1.51324530684e-09
1.71860977893e-10	1.39304823232e-09
1.74985706265e-10	1.28135835276e-09
1.78110434637e-10	1.17991172388e-09
1.8123516301e-10	1.08668118948e-09
1.84359891382e-10	1.00038199946e-09
1.87484619754e-10	9.21643261709e-10
1.90609348126e-10	8.50192527491e-10
1.93734076499e-10	7.8418271876e-10
1.96858804871e-10	7.2397121631e-10
1.99983533243e-10	6.68224975353e-10
2.03108261615e-10	6.17086493016e-10
2.06232989988e-10	5.70069325079e-10
2.0935771836e-10	5.27044186072e-10
2.12482446732e-10	4.87627493939e-10
2.15607175104e-10	4.51520681954e-10
2.18731903477e-10	4.17771761629e-10
2.21856631849e-10	3.87094051257e-10
2.24981360221e-10	3.58888169183e-10
2.28106088594e-10	3.33125693697e-10
2.31230816966e-10	3.08996106479e-10
2.34355545338e-10	2.87119633624e-10
2.3748027371e-10	2.66258376458e-10
2.40605002083e-10	2.47898368499e-10
2.43729730455e-10	2.30817379099e-10
2.46854458827e-10	2.14741752158e-10
2.49979187199e-10	2.00290048435e-10
2.53103915572e-10	1.8649976008e-10
2.56228643944e-10	1.73894065814e-10
2.59353372316e-10	1.62750576904e-10
2.62478100688e-10	1.51708465235e-10
2.65602829061e-10	1.42214004462e-10
2.68727557433e-10	1.32865995983e-10
2.71852285805e-10	1.24384835765e-10
2.74977014177e-10	1.16559623065e-10
2.7810174255e-10	1.09253439629e-10
2.81226470922e-10	1.02563409154e-10
2.84351199294e-10	9.6247308734e-11
2.87475927666e-10	9.06631783537e-11
2.90600656039e-10	8.50483017345e-11
2.93725384411e-10	8.00753491292e-11
2.96850112783e-10	7.55943571629e-11
2.99974841155e-10	7.10009342986e-11
3.03099569528e-10	6.72086414299e-11
3.062242979e-10	6.32827124036e-11
3.09349026272e-10	5.98591037848e-11
3.12473754644e-10	5.64528805647e-11
3.15598483017e-10	5.3430374708e-11
3.18723211389e-10	5.06195189931e-11
3.21847939761e-10	4.7855865104e-11
3.24972668133e-10	4.5460097492e-11
3.28097396506e-10	4.31358004871e-11
3.31222124878e-10	4.09991103567e-11
3.3434685325e-10	3.88867167633e-11
3.37471581622e-10	3.69039521164e-11
3.40596309995e-10	3.51613634042e-11
3.43721038367e-10	3.33936107932e-11
3.46845766739e-10	3.1849616694e-11
3.49970495112e-10	3.02740749136e-11
3.53095223484e-10	2.89514402035e-11
3.56219951856e-10	2.75957624807e-11
3.59344680228e-10	2.63571317549e-11
3.62469408601e-10	2.5138752191e-11
3.65594136973e-10	2.39603753505e-11
3.68718865345e-10	2.30032781018e-11
3.71843593717e-10	2.18206269026e-11
3.7496832209e-10	2.11639247794e-11
3.78093050462e-10	2.00806767048e-11
3.81217778834e-10	1.93480717559e-11
3.84342507206e-10	1.84511884938e-11
3.87467235579e-10	1.7709561248e-11
3.90591963951e-10	1.69693425978e-11
3.93716692323e-10	1.6319280996e-11
