% time-domain voltage integration by openEMS v0.37.0-rc2-22-ga8efa7d @Sat Oct 10 22:10:57 2026
% start-coordinates: (-1.3e-06,-4.22e-06,0.00029118) m -> [57,17,12]
% stop-coordinates: (8e-07,-4.22e-06,0.00029118) m -> [59,17,12]
% t/s	voltage
0	-0
3.12375568834e-12	-4.26779633855e-09
6.24751137668e-12	-3.78603726148e-09
9.37126706502e-12	1.34246941341e-09
1.24950227534e-11	1.82629706913e-08
1.56187784417e-11	5.74708725054e-08
1.874253413e-11	1.29321946929e-07
2.18662898184e-11	2.3395893578e-07
2.49900455067e-11	3.44209411196e-07
2.8113801195e-11	3.8592816054e-07
3.12375568834e-11	2.28471627395e-07
3.43613125717e-11	-2.94449606031e-07
3.74850682601e-11	-1.31669179382e-06
4.06088239484e-11	-2.8268702863e-06
4.37325796367e-11	-4.54880228062e-06
4.68563353251e-11	-5.88869465901e-06
4.99800910134e-11	-6.0302172642e-06
5.31038467018e-11	-4.2102401494e-06
5.62276023901e-11	-1.1261873567e-07
5.93513580784e-11	5.78937351747e-06
6.24751137668e-11	1.21516468425e-05
6.55988694551e-11	1.70716730281e-05
6.87226251434e-11	1.87432942766e-05
7.18463808318e-11	1.61998968906e-05
7.49701365201e-11	9.79740798357e-06
7.80938922085e-11	1.1760957932e-06
8.12176478968e-11	-7.31436603019e-06
8.43414035851e-11	-1.34758661261e-05
8.74651592735e-11	-1.60201298058e-05
9.05889149618e-11	-1.49043653437e-05
9.37126706502e-11	-1.11508202281e-05
9.68364263385e-11	-6.30346630714e-06
9.99601820268e-11	-1.8110775386e-06
1.03083937715e-10	1.40230037005e-06
1.06207693404e-10	3.06198649014e-06
1.09331449092e-10	3.40539304489e-06
1.1245520478e-10	2.92015090508e-06
1.15578960469e-10	2.09906329474e-06
1.18702716157e-10	1.29420840267e-06
1.21826471845e-10	6.8045955004e-07
1.24950227534e-10	2.92693073334e-07
1.28073983222e-10	8.86684823342e-08
1.3119773891e-10	3.15557358022e-09
1.34321494599e-10	-2.03079810746e-08
1.37445250287e-10	-1.86686275327e-08
1.40569005975e-10	-1.10012021715e-08
1.43692761664e-10	-3.31670557685e-09
1.46816517352e-10	4.38337061093e-10
1.4994027304e-10	1.38531554283e-10
1.53064028729e-10	-1.82246891189e-10
1.56187784417e-10	-5.20640419666e-10
1.59311540105e-10	-8.27707985485e-10
1.62435295794e-10	-1.08481945649e-09
1.65559051482e-10	-1.29331839682e-09
1.6868280717e-10	-1.4541877702e-09
1.71806562859e-10	-1.57665686062e-09
1.74930318547e-10	-1.62689584027e-09
1.78054074235e-10	-1.64441532613e-09
1.81177829924e-10	-1.64217972554e-09
1.84301585612e-10	-1.61784668995e-09
1.874253413e-10	-1.59525798127e-09
1.90549096989e-10	-1.55903340238e-09
1.93672852677e-10	-1.50654039244e-09
1.96796608365e-10	-1.4452561925e-09
1.99920364054e-10	-1.40427086626e-09
2.03044119742e-10	-1.30538579945e-09
2.0616787543e-10	-1.26377208698e-09
2.09291631119e-10	-1.20012505489e-09
2.12415386807e-10	-1.13807818725e-09
2.15539142495e-10	-1.07788689085e-09
2.18662898184e-10	-1.04321484784e-09
2.21786653872e-10	-9.6438651509e-10
2.2491040956e-10	-9.19401138555e-10
