% time-domain current integration by openEMS v0.37.0-rc2-22-ga8efa7d @Sat Oct 10 22:10:57 2026
% start-coordinates: (-2.58958e-07,-7.91556e-06,0.000288573) m -> [58,14,10]
% stop-coordinates: (-2.58958e-07,-1.72e-06,0.00029218) m -> [58,19,13]
% t/s	current
8.3300151689e-16	0
3.12458868986e-12	-1.96980105838e-11
6.24834437819e-12	-3.7926994878e-11
9.37210006653e-12	-7.40209196021e-12
1.24958557549e-11	1.48398862643e-10
1.56196114432e-11	5.64935542791e-10
1.87433671315e-11	1.4143222149e-09
2.18671228199e-11	2.83204770746e-09
2.49908785082e-11	4.74681094431e-09
2.81146341966e-11	6.62659438433e-09
3.12383898849e-11	7.22111481721e-09
3.43621455732e-11	4.4569596902e-09
3.74859012616e-11	-4.27776791767e-09
4.06096569499e-11	-2.12907949049e-08
4.37334126383e-11	-4.72380996541e-08
4.68571683266e-11	-7.96423904603e-08
4.99809240149e-11	-1.11976738992e-07
5.31046797033e-11	-1.34097305704e-07
5.62284353916e-11	-1.34446878519e-07
5.93521910799e-11	-1.03745172453e-07
6.24759467683e-11	-3.90321126531e-08
6.55997024566e-11	5.35805533275e-08
6.8723458145e-11	1.58914588155e-07
7.18472138333e-11	2.56011588817e-07
7.49709695216e-11	3.23866942153e-07
7.809472521e-11	3.47668901668e-07
8.12184808983e-11	3.23228420029e-07
8.43422365867e-11	2.57966092931e-07
8.7465992275e-11	1.6817624271e-07
9.05897479633e-11	7.3749831131e-08
9.37135036517e-11	-7.58666907075e-09
9.683725934e-11	-6.4513223208e-08
9.99610150283e-11	-9.36741955115e-08
1.03084770717e-10	-9.8573011087e-08
1.06208526405e-10	-8.67824212492e-08
1.09332282093e-10	-6.67978810043e-08
1.12456037782e-10	-4.563545275e-08
1.1557979347e-10	-2.76809828392e-08
1.18703549158e-10	-1.47043568433e-08
1.21827304847e-10	-6.57976517715e-09
1.24951060535e-10	-2.20740226098e-09
1.28074816223e-10	-2.65219457507e-10
1.31198571912e-10	3.54423601578e-10
1.343223276e-10	3.92208931999e-10
1.37446083288e-10	2.54764653818e-10
1.40569838977e-10	1.18685311579e-10
1.43693594665e-10	6.48850556617e-11
1.46817350353e-10	-9.3642871235e-12
1.49941106042e-10	-3.0213817559e-12
1.5306486173e-10	3.61255123038e-12
1.56188617418e-10	1.05541200779e-11
1.59312373107e-10	1.6928972113e-11
1.62436128795e-10	2.20599441492e-11
1.65559884483e-10	2.59825477106e-11
1.68683640172e-10	2.91335428004e-11
1.7180739586e-10	3.15332829293e-11
1.74931151548e-10	3.27368306074e-11
1.78054907237e-10	3.2697223401e-11
1.81178662925e-10	3.28780197512e-11
1.84302418613e-10	3.22298888966e-11
1.87426174302e-10	3.20376364327e-11
1.9054992999e-10	3.13581452471e-11
1.93673685678e-10	3.00047209301e-11
1.96797441367e-10	2.88559974526e-11
1.99921197055e-10	2.82000152396e-11
2.03044952744e-10	2.60841417909e-11
2.06168708432e-10	2.50665703472e-11
2.0929246412e-10	2.41007283575e-11
2.12416219809e-10	2.26582051732e-11
2.15539975497e-10	2.15887117211e-11
2.18663731185e-10	2.09194293832e-11
2.21787486874e-10	1.92665692428e-11
2.24911242562e-10	1.84824672927e-11
