 frequency       kfac            magdlt         
 1.00000000e+09  2.90520371e+03  9.61361827e-01 
 1.50000000e+09  1.48243883e+03  9.59803858e-01 
 2.00000000e+09  8.52833198e+02  9.57630046e-01 
 2.50000000e+09  5.36537731e+02  9.54818516e-01 
 3.00000000e+09  3.62714958e+02  9.51352072e-01 
 3.50000000e+09  2.59945094e+02  9.47211166e-01 
 4.00000000e+09  1.95360133e+02  9.42372931e-01 
 4.50000000e+09  1.52639363e+02  9.36810929e-01 
 5.00000000e+09  1.23135578e+02  9.30495048e-01 
 5.50000000e+09  1.02002454e+02  9.23391457e-01 
 6.00000000e+09  8.63878937e+01  9.15462596e-01 
 6.50000000e+09  7.45403450e+01  9.06667197e-01 
 7.00000000e+09  6.53432157e+01  8.96960348e-01 
 7.50000000e+09  5.80609146e+01  8.86293599e-01 
 8.00000000e+09  5.21945579e+01  8.74615133e-01 
 8.50000000e+09  4.73969490e+01  8.61869998e-01 
 9.00000000e+09  4.34208263e+01  8.48000443e-01 
 9.50000000e+09  4.00864275e+01  8.32946343e-01 
 1.00000000e+10  3.72606161e+01  8.16645759e-01 
 1.05000000e+10  3.48431251e+01  7.99035648e-01 
 1.10000000e+10  3.27572909e+01  7.80052746e-01 
 1.15000000e+10  3.09436870e+01  7.59634664e-01 
 1.20000000e+10  2.93556701e+01  7.37721226e-01 
 1.25000000e+10  2.79562112e+01  7.14256111e-01 
 1.30000000e+10  2.67156065e+01  6.89188842e-01 
 1.35000000e+10  2.56097997e+01  6.62477227e-01 
 1.40000000e+10  2.46191375e+01  6.34090335e-01 
 1.45000000e+10  2.37274332e+01  6.04012178e-01 
 1.50000000e+10  2.29212556e+01  5.72246267e-01 
 1.55000000e+10  2.21893831e+01  5.38821295e-01 
 1.60000000e+10  2.15223802e+01  5.03798234e-01 
 1.65000000e+10  2.09122657e+01  4.67279131e-01 
 1.70000000e+10  2.03522514e+01  4.29417852e-01 
 1.75000000e+10  1.98365340e+01  3.90432791e-01 
 1.80000000e+10  1.93601280e+01  3.50621138e-01 
 1.85000000e+10  1.89187315e+01  3.10373472e-01 
 1.90000000e+10  1.85086164e+01  2.70186268e-01 
 1.95000000e+10  1.81265391e+01  2.30668437e-01 
 2.00000000e+10  1.77696670e+01  1.92536769e-01 
 2.05000000e+10  1.74355179e+01  1.56595115e-01 
 2.10000000e+10  1.71219090e+01  1.23694905e-01 
 2.15000000e+10  1.68269151e+01  9.46816494e-02 
 2.20000000e+10  1.65488329e+01  7.03443171e-02 
 2.25000000e+10  1.62861513e+01  5.13963909e-02 
 2.30000000e+10  1.60375262e+01  3.84862589e-02 
 2.35000000e+10  1.58017587e+01  3.20250640e-02 
 2.40000000e+10  1.55777771e+01  3.15542777e-02 
 2.45000000e+10  1.53646211e+01  3.57155995e-02 
 2.50000000e+10  1.51614283e+01  4.33868876e-02 
 2.55000000e+10  1.49674225e+01  5.40313231e-02 
 2.60000000e+10  1.47819040e+01  6.72946119e-02 
 2.65000000e+10  1.46042402e+01  8.27805169e-02 
 2.70000000e+10  1.44338590e+01  1.00047857e-01 
 2.75000000e+10  1.42702411e+01  1.18659677e-01 
 2.80000000e+10  1.41129151e+01  1.38218346e-01 
 2.85000000e+10  1.39614521e+01  1.58380803e-01 
 2.90000000e+10  1.38154610e+01  1.78861192e-01 
 2.95000000e+10  1.36745850e+01  1.99427169e-01 
 3.00000000e+10  1.35384979e+01  2.19893609e-01 
 3.05000000e+10  1.34069011e+01  2.40115656e-01 
 3.10000000e+10  1.32795208e+01  2.59982062e-01 
 3.15000000e+10  1.31561056e+01  2.79409217e-01 
 3.20000000e+10  1.30364246e+01  2.98335996e-01 
 3.25000000e+10  1.29202650e+01  3.16719408e-01 
 3.30000000e+10  1.28074309e+01  3.34530989e-01 
 3.35000000e+10  1.26977415e+01  3.51753819e-01 
 3.40000000e+10  1.25910297e+01  3.68380100e-01 
 3.45000000e+10  1.24871409e+01  3.84409169e-01 
 3.50000000e+10  1.23859319e+01  3.99845906e-01 
 3.55000000e+10  1.22872701e+01  4.14699429e-01 
 3.60000000e+10  1.21910322e+01  4.28982057e-01 
 3.65000000e+10  1.20971038e+01  4.42708468e-01 
 3.70000000e+10  1.20053783e+01  4.55895030e-01 
 3.75000000e+10  1.19157567e+01  4.68559260e-01 
 3.80000000e+10  1.18281463e+01  4.80719404e-01 
 3.85000000e+10  1.17424608e+01  4.92394093e-01 
 3.90000000e+10  1.16586197e+01  5.03602080e-01 
 3.95000000e+10  1.15765474e+01  5.14362035e-01 
 4.00000000e+10  1.14961734e+01  5.24692383e-01 
 4.05000000e+10  1.14174314e+01  5.34611184e-01 
 4.10000000e+10  1.13402592e+01  5.44136042e-01 
 4.15000000e+10  1.12645986e+01  5.53284040e-01 
 4.20000000e+10  1.11903948e+01  5.62071694e-01 
 4.25000000e+10  1.11175959e+01  5.70514922e-01 
 4.30000000e+10  1.10461536e+01  5.78629027e-01 
 4.35000000e+10  1.09760218e+01  5.86428691e-01 
 4.40000000e+10  1.09071573e+01  5.93927975e-01 
 4.45000000e+10  1.08395191e+01  6.01140325e-01 
 4.50000000e+10  1.07730687e+01  6.08078582e-01 
 4.55000000e+10  1.07077693e+01  6.14754999e-01 
 4.60000000e+10  1.06435863e+01  6.21181259e-01 
 4.65000000e+10  1.05804868e+01  6.27368489e-01 
 4.70000000e+10  1.05184394e+01  6.33327287e-01 
 4.75000000e+10  1.04574146e+01  6.39067737e-01 
 4.80000000e+10  1.03973840e+01  6.44599436e-01 
 4.85000000e+10  1.03383207e+01  6.49931510e-01 
 4.90000000e+10  1.02801992e+01  6.55072641e-01 
 4.95000000e+10  1.02229949e+01  6.60031082e-01 
 5.00000000e+10  1.01666846e+01  6.64814682e-01 
 5.05000000e+10  1.01112459e+01  6.69430905e-01 
 5.10000000e+10  1.00566576e+01  6.73886846e-01 
 5.15000000e+10  1.00028991e+01  6.78189255e-01 
 5.20000000e+10  9.94995109e+00  6.82344550e-01 
 5.25000000e+10  9.89779467e+00  6.86358837e-01 
 5.30000000e+10  9.84641190e+00  6.90237924e-01 
 5.35000000e+10  9.79578553e+00  6.93987339e-01 
 5.40000000e+10  9.74589895e+00  6.97612341e-01 
 5.45000000e+10  9.69673621e+00  7.01117939e-01 
 5.50000000e+10  9.64828195e+00  7.04508900e-01 
 5.55000000e+10  9.60052139e+00  7.07789768e-01 
 5.60000000e+10  9.55344026e+00  7.10964867e-01 
 5.65000000e+10  9.50702482e+00  7.14038322e-01 
 5.70000000e+10  9.46126178e+00  7.17014064e-01 
 5.75000000e+10  9.41613834e+00  7.19895840e-01 
 5.80000000e+10  9.37164210e+00  7.22687224e-01 
 5.85000000e+10  9.32776107e+00  7.25391628e-01 
 5.90000000e+10  9.28448367e+00  7.28012307e-01 
 5.95000000e+10  9.24179866e+00  7.30552369e-01 
 6.00000000e+10  9.19969516e+00  7.33014781e-01 
 6.05000000e+10  9.15816263e+00  7.35402379e-01 
 6.10000000e+10  9.11719083e+00  7.37717873e-01 
 6.15000000e+10  9.07676984e+00  7.39963852e-01 
 6.20000000e+10  9.03689001e+00  7.42142794e-01 
 6.25000000e+10  8.99754198e+00  7.44257068e-01 
 6.30000000e+10  8.95871664e+00  7.46308941e-01 
 6.35000000e+10  8.92040514e+00  7.48300583e-01 
 6.40000000e+10  8.88259887e+00  7.50234071e-01 
 6.45000000e+10  8.84528943e+00  7.52111397e-01 
 6.50000000e+10  8.80846866e+00  7.53934467e-01 
 6.55000000e+10  8.77212860e+00  7.55705109e-01 
 6.60000000e+10  8.73626151e+00  7.57425074e-01 
 6.65000000e+10  8.70085982e+00  7.59096043e-01 
 6.70000000e+10  8.66591615e+00  7.60719629e-01 
 6.75000000e+10  8.63142332e+00  7.62297378e-01 
 6.80000000e+10  8.59737429e+00  7.63830776e-01 
 6.85000000e+10  8.56376221e+00  7.65321249e-01 
 6.90000000e+10  8.53058039e+00  7.66770166e-01 
 6.95000000e+10  8.49782227e+00  7.68178844e-01 
 7.00000000e+10  8.46548146e+00  7.69548548e-01 
 7.05000000e+10  8.43355171e+00  7.70880494e-01 
 7.10000000e+10  8.40202689e+00  7.72175852e-01 
 7.15000000e+10  8.37090103e+00  7.73435748e-01 
 7.20000000e+10  8.34016827e+00  7.74661264e-01 
 7.25000000e+10  8.30982288e+00  7.75853442e-01 
 7.30000000e+10  8.27985924e+00  7.77013286e-01 
 7.35000000e+10  8.25027188e+00  7.78141763e-01 
 7.40000000e+10  8.22105539e+00  7.79239803e-01 
 7.45000000e+10  8.19220452e+00  7.80308305e-01 
 7.50000000e+10  8.16371410e+00  7.81348134e-01 
 7.55000000e+10  8.13557906e+00  7.82360122e-01 
 7.60000000e+10  8.10779443e+00  7.83345076e-01 
 7.65000000e+10  8.08035537e+00  7.84303770e-01 
 7.70000000e+10  8.05325708e+00  7.85236954e-01 
 7.75000000e+10  8.02649489e+00  7.86145350e-01 
 7.80000000e+10  8.00006421e+00  7.87029656e-01 
 7.85000000e+10  7.97396052e+00  7.87890547e-01 
 7.90000000e+10  7.94817942e+00  7.88728673e-01 
 7.95000000e+10  7.92271655e+00  7.89544663e-01 
 8.00000000e+10  7.89756766e+00  7.90339126e-01 
 8.05000000e+10  7.87272855e+00  7.91112648e-01 
 8.10000000e+10  7.84819514e+00  7.91865799e-01 
 8.15000000e+10  7.82396337e+00  7.92599128e-01 
 8.20000000e+10  7.80002928e+00  7.93313166e-01 
 8.25000000e+10  7.77638899e+00  7.94008429e-01 
 8.30000000e+10  7.75303867e+00  7.94685414e-01 
 8.35000000e+10  7.72997456e+00  7.95344603e-01 
 8.40000000e+10  7.70719296e+00  7.95986463e-01 
 8.45000000e+10  7.68469025e+00  7.96611447e-01 
 8.50000000e+10  7.66246286e+00  7.97219991e-01 
 8.55000000e+10  7.64050728e+00  7.97812522e-01 
 8.60000000e+10  7.61882007e+00  7.98389449e-01 
 8.65000000e+10  7.59739782e+00  7.98951172e-01 
 8.70000000e+10  7.57623722e+00  7.99498078e-01 
 8.75000000e+10  7.55533497e+00  8.00030540e-01 
 8.80000000e+10  7.53468787e+00  8.00548924e-01 
 8.85000000e+10  7.51429272e+00  8.01053582e-01 
 8.90000000e+10  7.49414642e+00  8.01544856e-01 
 8.95000000e+10  7.47424590e+00  8.02023078e-01 
 9.00000000e+10  7.45458813e+00  8.02488572e-01 
 9.05000000e+10  7.43517015e+00  8.02941651e-01 
 9.10000000e+10  7.41598903e+00  8.03382618e-01 
 9.15000000e+10  7.39704189e+00  8.03811770e-01 
 9.20000000e+10  7.37832591e+00  8.04229394e-01 
 9.25000000e+10  7.35983829e+00  8.04635768e-01 
 9.30000000e+10  7.34157630e+00  8.05031163e-01 
 9.35000000e+10  7.32353723e+00  8.05415845e-01 
 9.40000000e+10  7.30571842e+00  8.05790067e-01 
 9.45000000e+10  7.28811727e+00  8.06154081e-01 
 9.50000000e+10  7.27073119e+00  8.06508129e-01 
 9.55000000e+10  7.25355764e+00  8.06852445e-01 
 9.60000000e+10  7.23659414e+00  8.07187260e-01 
 9.65000000e+10  7.21983822e+00  8.07512797e-01 
 9.70000000e+10  7.20328745e+00  8.07829274e-01 
 9.75000000e+10  7.18693946e+00  8.08136901e-01 
 9.80000000e+10  7.17079189e+00  8.08435885e-01 
 9.85000000e+10  7.15484243e+00  8.08726427e-01 
 9.90000000e+10  7.13908881e+00  8.09008721e-01 
 9.95000000e+10  7.12352877e+00  8.09282958e-01 
 1.00000000e+11  7.10816011e+00  8.09549324e-01 
