 frequency       s11db           s21db           s12db           s22db           nfdb            nfmindb         kfac           
 1.80000000e+10 -6.80976053e+00  1.84442492e+01 -5.96008936e+01 -3.53836599e+00  2.03271711e+00  1.25805283e+00  2.54100797e+01 
 1.81000000e+10 -6.93815514e+00  1.85425009e+01 -5.94119704e+01 -3.65490969e+00  2.03177387e+00  1.26066092e+00  2.52909668e+01 
 1.82000000e+10 -7.06933157e+00  1.86386821e+01 -5.92253595e+01 -3.77516100e+00  2.03085629e+00  1.26327814e+00  2.51732607e+01 
 1.83000000e+10 -7.20337748e+00  1.87327640e+01 -5.90410879e+01 -3.89922660e+00  2.02996481e+00  1.26590443e+00  2.50569313e+01 
 1.84000000e+10 -7.34038472e+00  1.88247187e+01 -5.88591821e+01 -4.02721555e+00  2.02909992e+00  1.26853972e+00  2.49419489e+01 
 1.85000000e+10 -7.48044968e+00  1.89145189e+01 -5.86796676e+01 -4.15923930e+00  2.02826207e+00  1.27118398e+00  2.48282850e+01 
 1.86000000e+10 -7.62367353e+00  1.90021382e+01 -5.85025696e+01 -4.29541173e+00  2.02745175e+00  1.27383714e+00  2.47159118e+01 
 1.87000000e+10 -7.77016260e+00  1.90875508e+01 -5.83279120e+01 -4.43584914e+00  2.02666942e+00  1.27649916e+00  2.46048021e+01 
 1.88000000e+10 -7.92002869e+00  1.91707320e+01 -5.81557180e+01 -4.58067031e+00  2.02591556e+00  1.27916998e+00  2.44949298e+01 
 1.89000000e+10 -8.07338952e+00  1.92516583e+01 -5.79860097e+01 -4.72999641e+00  2.02519066e+00  1.28184955e+00  2.43862691e+01 
 1.90000000e+10 -8.23036912e+00  1.93303072e+01 -5.78188082e+01 -4.88395109e+00  2.02449520e+00  1.28453781e+00  2.42787952e+01 
 1.91000000e+10 -8.39109833e+00  1.94066573e+01 -5.76541333e+01 -5.04266039e+00  2.02382967e+00  1.28723472e+00  2.41724839e+01 
 1.92000000e+10 -8.55571531e+00  1.94806888e+01 -5.74920034e+01 -5.20625269e+00  2.02319456e+00  1.28994023e+00  2.40673115e+01 
 1.93000000e+10 -8.72436615e+00  1.95523830e+01 -5.73324359e+01 -5.37485868e+00  2.02259036e+00  1.29265428e+00  2.39632551e+01 
 1.94000000e+10 -8.89720548e+00  1.96217228e+01 -5.71754462e+01 -5.54861121e+00  2.02201756e+00  1.29537682e+00  2.38602925e+01 
 1.95000000e+10 -9.07439719e+00  1.96886927e+01 -5.70210488e+01 -5.72764512e+00  2.02147668e+00  1.29810781e+00  2.37584017e+01 
 1.96000000e+10 -9.25611525e+00  1.97532786e+01 -5.68692561e+01 -5.91209709e+00  2.02096819e+00  1.30084719e+00  2.36575617e+01 
 1.97000000e+10 -9.44254455e+00  1.98154683e+01 -5.67200791e+01 -6.10210526e+00  2.02049262e+00  1.30359491e+00  2.35577518e+01 
 1.98000000e+10 -9.63388191e+00  1.98752512e+01 -5.65735271e+01 -6.29780895e+00  2.02005046e+00  1.30635093e+00  2.34589519e+01 
 1.99000000e+10 -9.83033717e+00  1.99326185e+01 -5.64296075e+01 -6.49934806e+00  2.01964222e+00  1.30911520e+00  2.33611425e+01 
 2.00000000e+10 -1.00321344e+01  1.99875631e+01 -5.62883260e+01 -6.70686253e+00  2.01926841e+00  1.31188766e+00  2.32643045e+01 
 2.01000000e+10 -1.02395135e+01  2.00400802e+01 -5.61496864e+01 -6.92049143e+00  2.01892955e+00  1.31466827e+00  2.31684193e+01 
 2.02000000e+10 -1.04527312e+01  2.00901663e+01 -5.60136906e+01 -7.14037197e+00  2.01862615e+00  1.31745698e+00  2.30734688e+01 
 2.03000000e+10 -1.06720636e+01  2.01378204e+01 -5.58803385e+01 -7.36663815e+00  2.01835872e+00  1.32025374e+00  2.29794354e+01 
 2.04000000e+10 -1.08978075e+01  2.01830432e+01 -5.57496282e+01 -7.59941909e+00  2.01812779e+00  1.32305851e+00  2.28863018e+01 
 2.05000000e+10 -1.11302831e+01  2.02258372e+01 -5.56215558e+01 -7.83883693e+00  2.01793388e+00  1.32587124e+00  2.27940514e+01 
 2.06000000e+10 -1.13698364e+01  2.02662073e+01 -5.54961153e+01 -8.08500418e+00  2.01777751e+00  1.32869188e+00  2.27026676e+01 
 2.07000000e+10 -1.16168420e+01  2.03041600e+01 -5.53732991e+01 -8.33802046e+00  2.01765920e+00  1.33152038e+00  2.26121347e+01 
 2.08000000e+10 -1.18717070e+01  2.03397039e+01 -5.52530971e+01 -8.59796839e+00  2.01757947e+00  1.33435671e+00  2.25224370e+01 
 2.09000000e+10 -1.21348744e+01  2.03728496e+01 -5.51354977e+01 -8.86490856e+00  2.01753887e+00  1.33720080e+00  2.24335593e+01 
 2.10000000e+10 -1.24068277e+01  2.04036097e+01 -5.50204872e+01 -9.13887320e+00  2.01753792e+00  1.34005263e+00  2.23454869e+01 
 2.11000000e+10 -1.26880963e+01  2.04319984e+01 -5.49080501e+01 -9.41985852e+00  2.01757714e+00  1.34291214e+00  2.22582053e+01 
 2.12000000e+10 -1.29792617e+01  2.04580321e+01 -5.47981689e+01 -9.70781519e+00  2.01765708e+00  1.34577928e+00  2.21717005e+01 
 2.13000000e+10 -1.32809641e+01  2.04817289e+01 -5.46908245e+01 -1.00026367e+01  2.01777827e+00  1.34865402e+00  2.20859586e+01 
 2.14000000e+10 -1.35939115e+01  2.05031085e+01 -5.45859958e+01 -1.03041453e+01  2.01794123e+00  1.35153631e+00  2.20009663e+01 
 2.15000000e+10 -1.39188888e+01  2.05221926e+01 -5.44836602e+01 -1.06120747e+01  2.01814652e+00  1.35442611e+00  2.19167104e+01 
 2.16000000e+10 -1.42567704e+01  2.05390044e+01 -5.43837933e+01 -1.09260498e+01  2.01839467e+00  1.35732336e+00  2.18331781e+01 
 2.17000000e+10 -1.46085339e+01  2.05535686e+01 -5.42863693e+01 -1.12455618e+01  2.01868622e+00  1.36022803e+00  2.17503570e+01 
 2.18000000e+10 -1.49752769e+01  2.05659117e+01 -5.41913608e+01 -1.15699399e+01  2.01902170e+00  1.36314008e+00  2.16682349e+01 
 2.19000000e+10 -1.53582381e+01  2.05760613e+01 -5.40987388e+01 -1.18983172e+01  2.01940167e+00  1.36605946e+00  2.15867998e+01 
 2.20000000e+10 -1.57588216e+01  2.05840467e+01 -5.40084733e+01 -1.22295935e+01  2.01982667e+00  1.36898613e+00  2.15060401e+01 
 2.21000000e+10 -1.61786290e+01  2.05898982e+01 -5.39205326e+01 -1.25623931e+01  2.02029723e+00  1.37192004e+00  2.14259444e+01 
 2.22000000e+10 -1.66194965e+01  2.05936475e+01 -5.38348841e+01 -1.28950208e+01  2.02081391e+00  1.37486117e+00  2.13465017e+01 
 2.23000000e+10 -1.70835440e+01  2.05953274e+01 -5.37514941e+01 -1.32254177e+01  2.02137724e+00  1.37780945e+00  2.12677011e+01 
 2.24000000e+10 -1.75732356e+01  2.05949717e+01 -5.36703277e+01 -1.35511216e+01  2.02198779e+00  1.38076486e+00  2.11895320e+01 
 2.25000000e+10 -1.80914578e+01  2.05926150e+01 -5.35913491e+01 -1.38692382e+01  2.02264608e+00  1.38372735e+00  2.11119840e+01 
 2.26000000e+10 -1.86416202e+01  2.05882931e+01 -5.35145218e+01 -1.41764317e+01  2.02335268e+00  1.38669688e+00  2.10350470e+01 
 2.27000000e+10 -1.92277887e+01  2.05820422e+01 -5.34398083e+01 -1.44689446e+01  2.02410812e+00  1.38967341e+00  2.09587111e+01 
 2.28000000e+10 -1.98548620e+01  2.05738995e+01 -5.33671706e+01 -1.47426604e+01  2.02491296e+00  1.39265691e+00  2.08829667e+01 
 2.29000000e+10 -2.05288106e+01  2.05639026e+01 -5.32965701e+01 -1.49932172e+01  2.02576775e+00  1.39564732e+00  2.08078042e+01 
 2.30000000e+10 -2.12570057e+01  2.05520896e+01 -5.32279676e+01 -1.52161807e+01  2.02667303e+00  1.39864461e+00  2.07332144e+01 
 2.31000000e+10 -2.20486797e+01  2.05384993e+01 -5.31613236e+01 -1.54072735e+01  2.02762936e+00  1.40164875e+00  2.06591883e+01 
 2.32000000e+10 -2.29155839e+01  2.05231705e+01 -5.30965980e+01 -1.55626471e+01  2.02863728e+00  1.40465968e+00  2.05857171e+01 
 2.33000000e+10 -2.38729443e+01  2.05061426e+01 -5.30337508e+01 -1.56791678e+01  2.02969734e+00  1.40767739e+00  2.05127920e+01 
 2.34000000e+10 -2.49408749e+01  2.04874549e+01 -5.29727414e+01 -1.57546781e+01  2.03081010e+00  1.41070181e+00  2.04404046e+01 
 2.35000000e+10 -2.61464794e+01  2.04671470e+01 -5.29135296e+01 -1.57881912e+01  2.03197610e+00  1.41373293e+00  2.03685467e+01 
 2.36000000e+10 -2.75269121e+01  2.04452586e+01 -5.28560746e+01 -1.57799815e+01  2.03319589e+00  1.41677069e+00  2.02972101e+01 
 2.37000000e+10 -2.91333199e+01  2.04218292e+01 -5.28003359e+01 -1.57315553e+01  2.03447002e+00  1.41981507e+00  2.02263870e+01 
 2.38000000e+10 -3.10329895e+01  2.03968984e+01 -5.27462732e+01 -1.56455064e+01  2.03579904e+00  1.42286602e+00  2.01560694e+01 
 2.39000000e+10 -3.32919593e+01  2.03705056e+01 -5.26938462e+01 -1.55252841e+01  2.03718349e+00  1.42592351e+00  2.00862500e+01 
 2.40000000e+10 -3.58401178e+01  2.03426900e+01 -5.26430146e+01 -1.53749148e+01  2.03862393e+00  1.42898750e+00  2.00169212e+01 
 2.41000000e+10 -3.78738096e+01  2.03134905e+01 -5.25937388e+01 -1.51987183e+01  2.04012090e+00  1.43205795e+00  1.99480758e+01 
 2.42000000e+10 -3.75688982e+01  2.02829457e+01 -5.25459790e+01 -1.50010545e+01  2.04167495e+00  1.43513484e+00  1.98797066e+01 
 2.43000000e+10 -3.53029734e+01  2.02510941e+01 -5.24996963e+01 -1.47861204e+01  2.04328662e+00  1.43821811e+00  1.98118067e+01 
 2.44000000e+10 -3.28275592e+01  2.02179735e+01 -5.24548518e+01 -1.45578063e+01  2.04495645e+00  1.44130774e+00  1.97443693e+01 
 2.45000000e+10 -3.06887724e+01  2.01836214e+01 -5.24114070e+01 -1.43196081e+01  2.04668500e+00  1.44440370e+00  1.96773876e+01 
 2.46000000e+10 -2.88973414e+01  2.01480748e+01 -5.23693243e+01 -1.40745874e+01  2.04847280e+00  1.44750594e+00  1.96108552e+01 
 2.47000000e+10 -2.73823913e+01  2.01113703e+01 -5.23285660e+01 -1.38253670e+01  2.05032040e+00  1.45061443e+00  1.95447656e+01 
 2.48000000e+10 -2.60801015e+01  2.00735439e+01 -5.22890955e+01 -1.35741514e+01  2.05222833e+00  1.45372913e+00  1.94791127e+01 
 2.49000000e+10 -2.49428882e+01  2.00346310e+01 -5.22508764e+01 -1.33227616e+01  2.05419713e+00  1.45685002e+00  1.94138901e+01 
 2.50000000e+10 -2.39362257e+01  1.99946665e+01 -5.22138731e+01 -1.30726777e+01  2.05622735e+00  1.45997706e+00  1.93490919e+01 
 2.51000000e+10 -2.30348392e+01  1.99536848e+01 -5.21780504e+01 -1.28250838e+01  2.05831951e+00  1.46311021e+00  1.92847122e+01 
 2.52000000e+10 -2.22198837e+01  1.99117193e+01 -5.21433738e+01 -1.25809110e+01  2.06047416e+00  1.46624945e+00  1.92207453e+01 
 2.53000000e+10 -2.14770254e+01  1.98688032e+01 -5.21098096e+01 -1.23408779e+01  2.06269182e+00  1.46939473e+00  1.91571854e+01 
 2.54000000e+10 -2.07951516e+01  1.98249689e+01 -5.20773245e+01 -1.21055261e+01  2.06497303e+00  1.47254602e+00  1.90940270e+01 
 2.55000000e+10 -2.01654952e+01  1.97802480e+01 -5.20458860e+01 -1.18752517e+01  2.06731832e+00  1.47570330e+00  1.90312647e+01 
 2.56000000e+10 -1.95810297e+01  1.97346717e+01 -5.20154624e+01 -1.16503317e+01  2.06972821e+00  1.47886653e+00  1.89688932e+01 
 2.57000000e+10 -1.90360442e+01  1.96882703e+01 -5.19860223e+01 -1.14309470e+01  2.07220323e+00  1.48203567e+00  1.89069072e+01 
 2.58000000e+10 -1.85258382e+01  1.96410735e+01 -5.19575353e+01 -1.12172011e+01  2.07474390e+00  1.48521070e+00  1.88453016e+01 
 2.59000000e+10 -1.80464987e+01  1.95931103e+01 -5.19299717e+01 -1.10091358e+01  2.07735074e+00  1.48839158e+00  1.87840713e+01 
 2.60000000e+10 -1.75947355e+01  1.95444092e+01 -5.19033022e+01 -1.08067442e+01  2.08002427e+00  1.49157828e+00  1.87232116e+01 
 2.61000000e+10 -1.71677564e+01  1.94949977e+01 -5.18774986e+01 -1.06099808e+01  2.08276502e+00  1.49477077e+00  1.86627175e+01 
 2.62000000e+10 -1.67631720e+01  1.94449030e+01 -5.18525329e+01 -1.04187710e+01  2.08557349e+00  1.49796902e+00  1.86025843e+01 
 2.63000000e+10 -1.63789225e+01  1.93941512e+01 -5.18283782e+01 -1.02330172e+01  2.08845019e+00  1.50117300e+00  1.85428074e+01 
 2.64000000e+10 -1.60132196e+01  1.93427680e+01 -5.18050080e+01 -1.00526051e+01  2.09139563e+00  1.50438268e+00  1.84833822e+01 
 2.65000000e+10 -1.56645014e+01  1.92907785e+01 -5.17823967e+01 -9.87740797e+00  2.09441033e+00  1.50759803e+00  1.84243042e+01 
 2.66000000e+10 -1.53313952e+01  1.92382069e+01 -5.17605192e+01 -9.70729040e+00  2.09749478e+00  1.51081901e+00  1.83655692e+01 
 2.67000000e+10 -1.50126889e+01  1.91850770e+01 -5.17393510e+01 -9.54211122e+00  2.10064948e+00  1.51404560e+00  1.83071727e+01 
 2.68000000e+10 -1.47073064e+01  1.91314117e+01 -5.17188684e+01 -9.38172589e+00  2.10387493e+00  1.51727777e+00  1.82491107e+01 
 2.69000000e+10 -1.44142880e+01  1.90772335e+01 -5.16990484e+01 -9.22598830e+00  2.10717163e+00  1.52051549e+00  1.81913789e+01 
 2.70000000e+10 -1.41327746e+01  1.90225641e+01 -5.16798683e+01 -9.07475227e+00  2.11054006e+00  1.52375872e+00  1.81339733e+01 
 2.71000000e+10 -1.38619937e+01  1.89674247e+01 -5.16613064e+01 -8.92787268e+00  2.11398072e+00  1.52700745e+00  1.80768899e+01 
 2.72000000e+10 -1.36012481e+01  1.89118359e+01 -5.16433414e+01 -8.78520636e+00  2.11749408e+00  1.53026164e+00  1.80201248e+01 
 2.73000000e+10 -1.33499069e+01  1.88558176e+01 -5.16259526e+01 -8.64661275e+00  2.12108064e+00  1.53352126e+00  1.79636742e+01 
 2.74000000e+10 -1.31073966e+01  1.87993892e+01 -5.16091200e+01 -8.51195441e+00  2.12474086e+00  1.53678629e+00  1.79075344e+01 
 2.75000000e+10 -1.28731950e+01  1.87425696e+01 -5.15928239e+01 -8.38109741e+00  2.12847522e+00  1.54005669e+00  1.78517016e+01 
 2.76000000e+10 -1.26468249e+01  1.86853769e+01 -5.15770456e+01 -8.25391155e+00  2.13228420e+00  1.54333244e+00  1.77961722e+01 
 2.77000000e+10 -1.24278488e+01  1.86278290e+01 -5.15617666e+01 -8.13027059e+00  2.13616825e+00  1.54661352e+00  1.77409427e+01 
 2.78000000e+10 -1.22158654e+01  1.85699430e+01 -5.15469690e+01 -8.01005227e+00  2.14012783e+00  1.54989989e+00  1.76860096e+01 
 2.79000000e+10 -1.20105046e+01  1.85117355e+01 -5.15326356e+01 -7.89313846e+00  2.14416342e+00  1.55319152e+00  1.76313694e+01 
 2.80000000e+10 -1.18114254e+01  1.84532227e+01 -5.15187495e+01 -7.77941507e+00  2.14827546e+00  1.55648840e+00  1.75770189e+01 
 2.81000000e+10 -1.16183121e+01  1.83944203e+01 -5.15052944e+01 -7.66877207e+00  2.15246439e+00  1.55979049e+00  1.75229546e+01 
 2.82000000e+10 -1.14308723e+01  1.83353435e+01 -5.14922544e+01 -7.56110344e+00  2.15673068e+00  1.56309776e+00  1.74691733e+01 
 2.83000000e+10 -1.12488346e+01  1.82760068e+01 -5.14796143e+01 -7.45630705e+00  2.16107475e+00  1.56641020e+00  1.74156719e+01 
 2.84000000e+10 -1.10719462e+01  1.82164246e+01 -5.14673592e+01 -7.35428462e+00  2.16549705e+00  1.56972777e+00  1.73624473e+01 
 2.85000000e+10 -1.08999720e+01  1.81566107e+01 -5.14554746e+01 -7.25494157e+00  2.16999800e+00  1.57305045e+00  1.73094963e+01 
 2.86000000e+10 -1.07326921e+01  1.80965784e+01 -5.14439466e+01 -7.15818696e+00  2.17457804e+00  1.57637822e+00  1.72568160e+01 
 2.87000000e+10 -1.05699012e+01  1.80363406e+01 -5.14327615e+01 -7.06393331e+00  2.17923759e+00  1.57971104e+00  1.72044033e+01 
 2.88000000e+10 -1.04114070e+01  1.79759099e+01 -5.14219063e+01 -6.97209654e+00  2.18397706e+00  1.58304889e+00  1.71522554e+01 
 2.89000000e+10 -1.02570292e+01  1.79152983e+01 -5.14113682e+01 -6.88259583e+00  2.18879687e+00  1.58639176e+00  1.71003694e+01 
 2.90000000e+10 -1.01065983e+01  1.78545177e+01 -5.14011349e+01 -6.79535347e+00  2.19369743e+00  1.58973960e+00  1.70487425e+01 
 2.91000000e+10 -9.95995525e+00  1.77935793e+01 -5.13911944e+01 -6.71029480e+00  2.19867914e+00  1.59309240e+00  1.69973720e+01 
 2.92000000e+10 -9.81695001e+00  1.77324941e+01 -5.13815352e+01 -6.62734802e+00  2.20374239e+00  1.59645014e+00  1.69462550e+01 
 2.93000000e+10 -9.67744128e+00  1.76712727e+01 -5.13721460e+01 -6.54644415e+00  2.20888759e+00  1.59981279e+00  1.68953891e+01 
 2.94000000e+10 -9.54129566e+00  1.76099254e+01 -5.13630160e+01 -6.46751686e+00  2.21411511e+00  1.60318032e+00  1.68447714e+01 
 2.95000000e+10 -9.40838712e+00  1.75484622e+01 -5.13541346e+01 -6.39050239e+00  2.21942534e+00  1.60655271e+00  1.67943996e+01 
 2.96000000e+10 -9.27859642e+00  1.74868926e+01 -5.13454916e+01 -6.31533942e+00  2.22481866e+00  1.60992994e+00  1.67442709e+01 
 2.97000000e+10 -9.15181067e+00  1.74252259e+01 -5.13370772e+01 -6.24196900e+00  2.23029544e+00  1.61331199e+00  1.66943830e+01 
 2.98000000e+10 -9.02792285e+00  1.73634711e+01 -5.13288818e+01 -6.17033443e+00  2.23585604e+00  1.61669882e+00  1.66447334e+01 
 2.99000000e+10 -8.90683143e+00  1.73016369e+01 -5.13208962e+01 -6.10038117e+00  2.24150081e+00  1.62009043e+00  1.65953197e+01 
 3.00000000e+10 -8.78843996e+00  1.72397317e+01 -5.13131113e+01 -6.03205676e+00  2.24723013e+00  1.62348678e+00  1.65461395e+01 
