 frequency       kfac            magdlt         
 1.00000000e+09  7.00964310e+03  9.81091057e-01 
 1.50000000e+09  3.22276328e+03  9.79611859e-01 
 2.00000000e+09  1.64109568e+03  9.77531483e-01 
 2.50000000e+09  9.29756133e+02  9.74836707e-01 
 3.00000000e+09  5.77708996e+02  9.71511577e-01 
 3.50000000e+09  3.87150073e+02  9.67536674e-01 
 4.00000000e+09  2.75726806e+02  9.62888921e-01 
 4.50000000e+09  2.06220637e+02  9.57541478e-01 
 5.00000000e+09  1.60463964e+02  9.51463662e-01 
 5.50000000e+09  1.28960310e+02  9.44620896e-01 
 6.00000000e+09  1.06440505e+02  9.36974671e-01 
 6.50000000e+09  8.98256752e+01  9.28482532e-01 
 7.00000000e+09  7.72342134e+01  9.19098107e-01 
 7.50000000e+09  6.74704278e+01  9.08771167e-01 
 8.00000000e+09  5.97481478e+01  8.97447748e-01 
 8.50000000e+09  5.35347658e+01  8.85070341e-01 
 9.00000000e+09  4.84598108e+01  8.71578165e-01 
 9.50000000e+09  4.42594992e+01  8.56907553e-01 
 1.00000000e+10  4.07420649e+01  8.40992455e-01 
 1.05000000e+10  3.77654826e+01  8.23765100e-01 
 1.10000000e+10  3.52227966e+01  8.05156846e-01 
 1.15000000e+10  3.30322410e+01  7.85099233e-01 
 1.20000000e+10  3.11304515e+01  7.63525309e-01 
 1.25000000e+10  2.94677137e+01  7.40371248e-01 
 1.30000000e+10  2.80045816e+01  7.15578347e-01 
 1.35000000e+10  2.67094330e+01  6.89095471e-01 
 1.40000000e+10  2.55566773e+01  6.60882045e-01 
 1.45000000e+10  2.45254250e+01  6.30911750e-01 
 1.50000000e+10  2.35984869e+01  5.99177090e-01 
 1.55000000e+10  2.27616140e+01  5.65695074e-01 
 1.60000000e+10  2.20029129e+01  5.30514285e-01 
 1.65000000e+10  2.13123934e+01  4.93723662e-01 
 1.70000000e+10  2.06816138e+01  4.55463243e-01 
 1.75000000e+10  2.01034017e+01  4.15936992e-01 
 1.80000000e+10  1.95716310e+01  3.75427408e-01 
 1.85000000e+10  1.90810444e+01  3.34310891e-01 
 1.90000000e+10  1.86271096e+01  2.93071666e-01 
 1.95000000e+10  1.82059022e+01  2.52310516e-01 
 2.00000000e+10  1.78140110e+01  2.12743007e-01 
 2.05000000e+10  1.74484595e+01  1.75181119e-01 
 2.10000000e+10  1.71066410e+01  1.40493526e-01 
 2.15000000e+10  1.67862653e+01  1.09544473e-01 
 2.20000000e+10  1.64853135e+01  8.31197949e-02 
 2.25000000e+10  1.62020006e+01  6.18596308e-02 
 2.30000000e+10  1.59347439e+01  4.62234528e-02 
 2.35000000e+10  1.56821362e+01  3.64833029e-02 
 2.40000000e+10  1.54429230e+01  3.26335502e-02 
 2.45000000e+10  1.52159834e+01  3.41806517e-02 
 2.50000000e+10  1.50003132e+01  4.02636768e-02 
 2.55000000e+10  1.47950109e+01  5.00730817e-02 
 2.60000000e+10  1.45992654e+01  6.29567819e-02 
 2.65000000e+10  1.44123453e+01  7.83357160e-02 
 2.70000000e+10  1.42335901e+01  9.56693290e-02 
 2.75000000e+10  1.40624019e+01  1.14464408e-01 
 2.80000000e+10  1.38982386e+01  1.34287781e-01 
 2.85000000e+10  1.37406076e+01  1.54771364e-01 
 2.90000000e+10  1.35890609e+01  1.75610414e-01 
 2.95000000e+10  1.34431902e+01  1.96557886e-01 
 3.00000000e+10  1.33026226e+01  2.17417149e-01 
 3.05000000e+10  1.31670176e+01  2.38034409e-01 
 3.10000000e+10  1.30360629e+01  2.58291594e-01 
 3.15000000e+10  1.29094727e+01  2.78099991e-01 
 3.20000000e+10  1.27869842e+01  2.97394780e-01 
 3.25000000e+10  1.26683560e+01  3.16130399e-01 
 3.30000000e+10  1.25533658e+01  3.34276706e-01 
 3.35000000e+10  1.24418087e+01  3.51815806e-01 
 3.40000000e+10  1.23334955e+01  3.68739465e-01 
 3.45000000e+10  1.22282515e+01  3.85046999e-01 
 3.50000000e+10  1.21259150e+01  4.00743568e-01 
 3.55000000e+10  1.20263362e+01  4.15838798e-01 
 3.60000000e+10  1.19293763e+01  4.30345675e-01 
 3.65000000e+10  1.18349061e+01  4.44279648e-01 
 3.70000000e+10  1.17428060e+01  4.57657921e-01 
 3.75000000e+10  1.16529644e+01  4.70498887e-01 
 3.80000000e+10  1.15652774e+01  4.82821674e-01 
 3.85000000e+10  1.14796481e+01  4.94645793e-01 
 3.90000000e+10  1.13959862e+01  5.05990859e-01 
 3.95000000e+10  1.13142071e+01  5.16876373e-01 
 4.00000000e+10  1.12342318e+01  5.27321560e-01 
 4.05000000e+10  1.11559863e+01  5.37345239e-01 
 4.10000000e+10  1.10794012e+01  5.46965736e-01 
 4.15000000e+10  1.10044115e+01  5.56200811e-01 
 4.20000000e+10  1.09309561e+01  5.65067616e-01 
 4.25000000e+10  1.08589774e+01  5.73582666e-01 
 4.30000000e+10  1.07884216e+01  5.81761818e-01 
 4.35000000e+10  1.07192375e+01  5.89620273e-01 
 4.40000000e+10  1.06513773e+01  5.97172572e-01 
 4.45000000e+10  1.05847956e+01  6.04432604e-01 
 4.50000000e+10  1.05194496e+01  6.11413626e-01 
 4.55000000e+10  1.04552990e+01  6.18128272e-01 
 4.60000000e+10  1.03923053e+01  6.24588576e-01 
 4.65000000e+10  1.03304324e+01  6.30805994e-01 
 4.70000000e+10  1.02696458e+01  6.36791424e-01 
 4.75000000e+10  1.02099130e+01  6.42555228e-01 
 4.80000000e+10  1.01512030e+01  6.48107258e-01 
 4.85000000e+10  1.00934863e+01  6.53456878e-01 
 4.90000000e+10  1.00367349e+01  6.58612987e-01 
 4.95000000e+10  9.98092216e+00  6.63584039e-01 
 5.00000000e+10  9.92602262e+00  6.68378068e-01 
 5.05000000e+10  9.87201204e+00  6.73002708e-01 
 5.10000000e+10  9.81886728e+00  6.77465212e-01 
 5.15000000e+10  9.76656620e+00  6.81772475e-01 
 5.20000000e+10  9.71508767e+00  6.85931049e-01 
 5.25000000e+10  9.66441144e+00  6.89947161e-01 
 5.30000000e+10  9.61451813e+00  6.93826735e-01 
 5.35000000e+10  9.56538916e+00  6.97575401e-01 
 5.40000000e+10  9.51700670e+00  7.01198516e-01 
 5.45000000e+10  9.46935366e+00  7.04701178e-01 
 5.50000000e+10  9.42241359e+00  7.08088237e-01 
 5.55000000e+10  9.37617071e+00  7.11364310e-01 
 5.60000000e+10  9.33060980e+00  7.14533795e-01 
 5.65000000e+10  9.28571624e+00  7.17600878e-01 
 5.70000000e+10  9.24147593e+00  7.20569550e-01 
 5.75000000e+10  9.19787529e+00  7.23443614e-01 
 5.80000000e+10  9.15490119e+00  7.26226695e-01 
 5.85000000e+10  9.11254100e+00  7.28922252e-01 
 5.90000000e+10  9.07078249e+00  7.31533582e-01 
 5.95000000e+10  9.02961384e+00  7.34063834e-01 
 6.00000000e+10  8.98902363e+00  7.36516013e-01 
 6.05000000e+10  8.94900081e+00  7.38892988e-01 
 6.10000000e+10  8.90953467e+00  7.41197500e-01 
 6.15000000e+10  8.87061485e+00  7.43432170e-01 
 6.20000000e+10  8.83223129e+00  7.45599501e-01 
 6.25000000e+10  8.79437425e+00  7.47701887e-01 
 6.30000000e+10  8.75703428e+00  7.49741619e-01 
 6.35000000e+10  8.72020219e+00  7.51720888e-01 
 6.40000000e+10  8.68386906e+00  7.53641793e-01 
 6.45000000e+10  8.64802624e+00  7.55506341e-01 
 6.50000000e+10  8.61266529e+00  7.57316457e-01 
 6.55000000e+10  8.57777803e+00  7.59073985e-01 
 6.60000000e+10  8.54335649e+00  7.60780690e-01 
 6.65000000e+10  8.50939289e+00  7.62438267e-01 
 6.70000000e+10  8.47587969e+00  7.64048340e-01 
 6.75000000e+10  8.44280953e+00  7.65612469e-01 
 6.80000000e+10  8.41017521e+00  7.67132150e-01 
 6.85000000e+10  8.37796976e+00  7.68608818e-01 
 6.90000000e+10  8.34618635e+00  7.70043852e-01 
 6.95000000e+10  8.31481831e+00  7.71438578e-01 
 7.00000000e+10  8.28385916e+00  7.72794268e-01 
 7.05000000e+10  8.25330253e+00  7.74112146e-01 
 7.10000000e+10  8.22314225e+00  7.75393388e-01 
 7.15000000e+10  8.19337225e+00  7.76639127e-01 
 7.20000000e+10  8.16398663e+00  7.77850451e-01 
 7.25000000e+10  8.13497958e+00  7.79028408e-01 
 7.30000000e+10  8.10634547e+00  7.80174006e-01 
 7.35000000e+10  8.07807876e+00  7.81288217e-01 
 7.40000000e+10  8.05017404e+00  7.82371975e-01 
 7.45000000e+10  8.02262602e+00  7.83426183e-01 
 7.50000000e+10  7.99542950e+00  7.84451710e-01 
 7.55000000e+10  7.96857943e+00  7.85449391e-01 
 7.60000000e+10  7.94207082e+00  7.86420036e-01 
 7.65000000e+10  7.91589882e+00  7.87364424e-01 
 7.70000000e+10  7.89005865e+00  7.88283305e-01 
 7.75000000e+10  7.86454565e+00  7.89177404e-01 
 7.80000000e+10  7.83935522e+00  7.90047423e-01 
 7.85000000e+10  7.81448289e+00  7.90894038e-01 
 7.90000000e+10  7.78992425e+00  7.91717900e-01 
 7.95000000e+10  7.76567499e+00  7.92519642e-01 
 8.00000000e+10  7.74173086e+00  7.93299873e-01 
 8.05000000e+10  7.71808773e+00  7.94059181e-01 
 8.10000000e+10  7.69474151e+00  7.94798138e-01 
 8.15000000e+10  7.67168820e+00  7.95517292e-01 
 8.20000000e+10  7.64892388e+00  7.96217179e-01 
 8.25000000e+10  7.62644470e+00  7.96898313e-01 
 8.30000000e+10  7.60424688e+00  7.97561193e-01 
 8.35000000e+10  7.58232670e+00  7.98206302e-01 
 8.40000000e+10  7.56068051e+00  7.98834109e-01 
 8.45000000e+10  7.53930473e+00  7.99445065e-01 
 8.50000000e+10  7.51819585e+00  8.00039610e-01 
 8.55000000e+10  7.49735040e+00  8.00618169e-01 
 8.60000000e+10  7.47676499e+00  8.01181153e-01 
 8.65000000e+10  7.45643629e+00  8.01728962e-01 
 8.70000000e+10  7.43636102e+00  8.02261983e-01 
 8.75000000e+10  7.41653594e+00  8.02780592e-01 
 8.80000000e+10  7.39695790e+00  8.03285152e-01 
 8.85000000e+10  7.37762377e+00  8.03776018e-01 
 8.90000000e+10  7.35853050e+00  8.04253530e-01 
 8.95000000e+10  7.33967507e+00  8.04718023e-01 
 9.00000000e+10  7.32105452e+00  8.05169819e-01 
 9.05000000e+10  7.30266595e+00  8.05609232e-01 
 9.10000000e+10  7.28450648e+00  8.06036566e-01 
 9.15000000e+10  7.26657331e+00  8.06452117e-01 
 9.20000000e+10  7.24886365e+00  8.06856173e-01 
 9.25000000e+10  7.23137478e+00  8.07249012e-01 
 9.30000000e+10  7.21410402e+00  8.07630905e-01 
 9.35000000e+10  7.19704874e+00  8.08002117e-01 
 9.40000000e+10  7.18020633e+00  8.08362904e-01 
 9.45000000e+10  7.16357423e+00  8.08713516e-01 
 9.50000000e+10  7.14714994e+00  8.09054194e-01 
 9.55000000e+10  7.13093098e+00  8.09385175e-01 
 9.60000000e+10  7.11491490e+00  8.09706688e-01 
 9.65000000e+10  7.09909932e+00  8.10018956e-01 
 9.70000000e+10  7.08348187e+00  8.10322198e-01 
 9.75000000e+10  7.06806022e+00  8.10616624e-01 
 9.80000000e+10  7.05283209e+00  8.10902440e-01 
 9.85000000e+10  7.03779522e+00  8.11179847e-01 
 9.90000000e+10  7.02294740e+00  8.11449041e-01 
 9.95000000e+10  7.00828644e+00  8.11710212e-01 
 1.00000000e+11  6.99381018e+00  8.11963545e-01 
