 frequency       s11db           s21db           s12db           s22db           nfdb            nfmindb         kfac           
 1.80000000e+10 -7.18685854e+00  1.82858581e+01 -6.01600194e+01 -2.07778302e+00  1.97125453e+00  1.18683118e+00  1.93601280e+01 
 1.81000000e+10 -7.32393196e+00  1.84134169e+01 -5.99387817e+01 -2.15475629e+00  1.97052315e+00  1.18939666e+00  1.92691749e+01 
 1.82000000e+10 -7.46411764e+00  1.85394601e+01 -5.97194432e+01 -2.23477138e+00  1.96981765e+00  1.19197034e+00  1.91795889e+01 
 1.83000000e+10 -7.60752784e+00  1.86639446e+01 -5.95020436e+01 -2.31795545e+00  1.96913849e+00  1.19455213e+00  1.90913393e+01 
 1.84000000e+10 -7.75428117e+00  1.87868259e+01 -5.92866240e+01 -2.40444112e+00  1.96848612e+00  1.19714198e+00  1.90043965e+01 
 1.85000000e+10 -7.90450310e+00  1.89080584e+01 -5.90732268e+01 -2.49436677e+00  1.96786101e+00  1.19973982e+00  1.89187315e+01 
 1.86000000e+10 -8.05832644e+00  1.90275952e+01 -5.88618957e+01 -2.58787676e+00  1.96726361e+00  1.20234558e+00  1.88343162e+01 
 1.87000000e+10 -8.21589192e+00  1.91453881e+01 -5.86526756e+01 -2.68512178e+00  1.96669439e+00  1.20495919e+00  1.87511233e+01 
 1.88000000e+10 -8.37734877e+00  1.92613880e+01 -5.84456125e+01 -2.78625915e+00  1.96615383e+00  1.20758060e+00  1.86691262e+01 
 1.89000000e+10 -8.54285537e+00  1.93755448e+01 -5.82407533e+01 -2.89145315e+00  1.96564237e+00  1.21020974e+00  1.85882989e+01 
 1.90000000e+10 -8.71258001e+00  1.94878074e+01 -5.80381461e+01 -3.00087539e+00  1.96516051e+00  1.21284655e+00  1.85086164e+01 
 1.91000000e+10 -8.88670164e+00  1.95981238e+01 -5.78378398e+01 -3.11470524e+00  1.96470872e+00  1.21549096e+00  1.84300540e+01 
 1.92000000e+10 -9.06541081e+00  1.97064415e+01 -5.76398840e+01 -3.23313028e+00  1.96428747e+00  1.21814290e+00  1.83525880e+01 
 1.93000000e+10 -9.24891058e+00  1.98127070e+01 -5.74443290e+01 -3.35634677e+00  1.96389724e+00  1.22080233e+00  1.82761952e+01 
 1.94000000e+10 -9.43741768e+00  1.99168668e+01 -5.72512256e+01 -3.48456020e+00  1.96353851e+00  1.22346917e+00  1.82008528e+01 
 1.95000000e+10 -9.63116366e+00  2.00188665e+01 -5.70606251e+01 -3.61798592e+00  1.96321177e+00  1.22614336e+00  1.81265391e+01 
 1.96000000e+10 -9.83039629e+00  2.01186520e+01 -5.68725790e+01 -3.75684978e+00  1.96291750e+00  1.22882485e+00  1.80532324e+01 
 1.97000000e+10 -1.00353810e+01  2.02161687e+01 -5.66871388e+01 -3.90138892e+00  1.96265619e+00  1.23151358e+00  1.79809119e+01 
 1.98000000e+10 -1.02464028e+01  2.03113625e+01 -5.65043559e+01 -4.05185257e+00  1.96242833e+00  1.23420947e+00  1.79095573e+01 
 1.99000000e+10 -1.04637680e+01  2.04041793e+01 -5.63242817e+01 -4.20850307e+00  1.96223441e+00  1.23691249e+00  1.78391488e+01 
 2.00000000e+10 -1.06878063e+01  2.04945656e+01 -5.61469669e+01 -4.37161690e+00  1.96207493e+00  1.23962255e+00  1.77696670e+01 
 2.01000000e+10 -1.09188738e+01  2.05824685e+01 -5.59724617e+01 -4.54148593e+00  1.96195037e+00  1.24233962e+00  1.77010932e+01 
 2.02000000e+10 -1.11573553e+01  2.06678361e+01 -5.58008155e+01 -4.71841881e+00  1.96186125e+00  1.24506363e+00  1.76334091e+01 
 2.03000000e+10 -1.14036678e+01  2.07506173e+01 -5.56320765e+01 -4.90274256e+00  1.96180805e+00  1.24779451e+00  1.75665967e+01 
 2.04000000e+10 -1.16582644e+01  2.08307627e+01 -5.54662917e+01 -5.09480442e+00  1.96179127e+00  1.25053223e+00  1.75006386e+01 
 2.05000000e+10 -1.19216384e+01  2.09082239e+01 -5.53035068e+01 -5.29497391e+00  1.96181142e+00  1.25327671e+00  1.74355179e+01 
 2.06000000e+10 -1.21943286e+01  2.09829546e+01 -5.51437656e+01 -5.50364528e+00  1.96186901e+00  1.25602790e+00  1.73712180e+01 
 2.07000000e+10 -1.24769251e+01  2.10549103e+01 -5.49871102e+01 -5.72124024e+00  1.96196453e+00  1.25878576e+00  1.73077227e+01 
 2.08000000e+10 -1.27700761e+01  2.11240486e+01 -5.48335803e+01 -5.94821129e+00  1.96209850e+00  1.26155021e+00  1.72450163e+01 
 2.09000000e+10 -1.30744965e+01  2.11903295e+01 -5.46832137e+01 -6.18504535e+00  1.96227141e+00  1.26432121e+00  1.71830834e+01 
 2.10000000e+10 -1.33909770e+01  2.12537156e+01 -5.45360451e+01 -6.43226825e+00  1.96248379e+00  1.26709870e+00  1.71219090e+01 
 2.11000000e+10 -1.37203960e+01  2.13141724e+01 -5.43921070e+01 -6.69044974e+00  1.96273614e+00  1.26988264e+00  1.70614785e+01 
 2.12000000e+10 -1.40637334e+01  2.13716680e+01 -5.42514285e+01 -6.96020960e+00  1.96302897e+00  1.27267295e+00  1.70017776e+01 
 2.13000000e+10 -1.44220871e+01  2.14261740e+01 -5.41140359e+01 -7.24222465e+00  1.96336280e+00  1.27546960e+00  1.69427924e+01 
 2.14000000e+10 -1.47966935e+01  2.14776652e+01 -5.39799520e+01 -7.53723717e+00  1.96373813e+00  1.27827253e+00  1.68845093e+01 
 2.15000000e+10 -1.51889518e+01  2.15261199e+01 -5.38491963e+01 -7.84606487e+00  1.96415549e+00  1.28108169e+00  1.68269151e+01 
 2.16000000e+10 -1.56004551e+01  2.15715201e+01 -5.37217846e+01 -8.16961283e+00  1.96461540e+00  1.28389702e+00  1.67699966e+01 
 2.17000000e+10 -1.60330282e+01  2.16138513e+01 -5.35977290e+01 -8.50888784e+00  1.96511835e+00  1.28671847e+00  1.67137414e+01 
 2.18000000e+10 -1.64887754e+01  2.16531031e+01 -5.34770377e+01 -8.86501576e+00  1.96566488e+00  1.28954600e+00  1.66581370e+01 
 2.19000000e+10 -1.69701412e+01  2.16892691e+01 -5.33597151e+01 -9.23926270e+00  1.96625551e+00  1.29237955e+00  1.66031714e+01 
 2.20000000e+10 -1.74799889e+01  2.17223466e+01 -5.32457615e+01 -9.63306094e+00  1.96689074e+00  1.29521907e+00  1.65488329e+01 
 2.21000000e+10 -1.80217017e+01  2.17523372e+01 -5.31351732e+01 -1.00480411e+01  1.96757111e+00  1.29806451e+00  1.64951098e+01 
 2.22000000e+10 -1.85993174e+01  2.17792466e+01 -5.30279426e+01 -1.04860721e+01  1.96829713e+00  1.30091583e+00  1.64419909e+01 
 2.23000000e+10 -1.92177085e+01  2.18030844e+01 -5.29240579e+01 -1.09493119e+01  1.96906932e+00  1.30377297e+00  1.63894653e+01 
 2.24000000e+10 -1.98828285e+01  2.18238643e+01 -5.28235032e+01 -1.14402720e+01  1.96988821e+00  1.30663588e+00  1.63375223e+01 
 2.25000000e+10 -2.06020545e+01  2.18416042e+01 -5.27262589e+01 -1.19619002e+01  1.97075431e+00  1.30950452e+00  1.62861513e+01 
 2.26000000e+10 -2.13846762e+01  2.18563257e+01 -5.26323010e+01 -1.25176898e+01  1.97166814e+00  1.31237884e+00  1.62353421e+01 
 2.27000000e+10 -2.22426087e+01  2.18680543e+01 -5.25416022e+01 -1.31118235e+01  1.97263024e+00  1.31525879e+00  1.61850846e+01 
 2.28000000e+10 -2.31914664e+01  2.18768193e+01 -5.24541312e+01 -1.37493682e+01  1.97364112e+00  1.31814433e+00  1.61353692e+01 
 2.29000000e+10 -2.42522280e+01  2.18826537e+01 -5.23698531e+01 -1.44365424e+01  1.97470130e+00  1.32103540e+00  1.60861861e+01 
 2.30000000e+10 -2.54539178e+01  2.18855938e+01 -5.22887295e+01 -1.51810925e+01  1.97581130e+00  1.32393196e+00  1.60375262e+01 
 2.31000000e+10 -2.68380895e+01  2.18856794e+01 -5.22107190e+01 -1.59928323e+01  1.97697166e+00  1.32683397e+00  1.59893801e+01 
 2.32000000e+10 -2.84665869e+01  2.18829532e+01 -5.21357767e+01 -1.68844426e+01  1.97818288e+00  1.32974138e+00  1.59417389e+01 
 2.33000000e+10 -3.04350758e+01  2.18774610e+01 -5.20638551e+01 -1.78726894e+01  1.97944549e+00  1.33265414e+00  1.58945940e+01 
 2.34000000e+10 -3.28934200e+01  2.18692515e+01 -5.19949036e+01 -1.89803530e+01  1.98076002e+00  1.33557221e+00  1.58479367e+01 
 2.35000000e+10 -3.60360779e+01  2.18583757e+01 -5.19288694e+01 -2.02394122e+01  1.98212699e+00  1.33849554e+00  1.58017587e+01 
 2.36000000e+10 -3.95966431e+01  2.18448871e+01 -5.18656973e+01 -2.16965612e+01  1.98354691e+00  1.34142409e+00  1.57560517e+01 
 2.37000000e+10 -4.02674530e+01  2.18288412e+01 -5.18053297e+01 -2.34232863e+01  1.98502030e+00  1.34435782e+00  1.57108078e+01 
 2.38000000e+10 -3.69809392e+01  2.18102956e+01 -5.17477076e+01 -2.55351099e+01  1.98654769e+00  1.34729669e+00  1.56660192e+01 
 2.39000000e+10 -3.36940522e+01  2.17893094e+01 -5.16927698e+01 -2.82272948e+01  1.98812960e+00  1.35024064e+00  1.56216781e+01 
 2.40000000e+10 -3.11209483e+01  2.17659433e+01 -5.16404542e+01 -3.17999029e+01  1.98976654e+00  1.35318964e+00  1.55777771e+01 
 2.41000000e+10 -2.90848788e+01  2.17402592e+01 -5.15906971e+01 -3.59560078e+01  1.99145903e+00  1.35614364e+00  1.55343088e+01 
 2.42000000e+10 -2.74200064e+01  2.17123199e+01 -5.15434339e+01 -3.56779294e+01  1.99320759e+00  1.35910260e+00  1.54912660e+01 
 2.43000000e+10 -2.60192112e+01  2.16821893e+01 -5.14985990e+01 -3.15636508e+01  1.99501274e+00  1.36206649e+00  1.54486417e+01 
 2.44000000e+10 -2.48137637e+01  2.16499317e+01 -5.14561266e+01 -2.81784797e+01  1.99687498e+00  1.36503525e+00  1.54064289e+01 
 2.45000000e+10 -2.37579343e+01  2.16156120e+01 -5.14159502e+01 -2.56443137e+01  1.99879484e+00  1.36800886e+00  1.53646211e+01 
 2.46000000e+10 -2.28200689e+01  2.15792951e+01 -5.13780030e+01 -2.36671136e+01  2.00077282e+00  1.37098725e+00  1.53232115e+01 
 2.47000000e+10 -2.19774640e+01  2.15410462e+01 -5.13422184e+01 -2.20609763e+01  2.00280944e+00  1.37397041e+00  1.52821937e+01 
 2.48000000e+10 -2.12133318e+01  2.15009303e+01 -5.13085298e+01 -2.07156102e+01  2.00490520e+00  1.37695828e+00  1.52415613e+01 
 2.49000000e+10 -2.05149309e+01  2.14590121e+01 -5.12768709e+01 -1.95623734e+01  2.00706062e+00  1.37995083e+00  1.52013082e+01 
 2.50000000e+10 -1.98723741e+01  2.14153560e+01 -5.12471758e+01 -1.85561797e+01  2.00927620e+00  1.38294802e+00  1.51614283e+01 
 2.51000000e+10 -1.92778405e+01  2.13700258e+01 -5.12193791e+01 -1.76659977e+01  2.01155245e+00  1.38594980e+00  1.51219156e+01 
 2.52000000e+10 -1.87250399e+01  2.13230845e+01 -5.11934163e+01 -1.68696222e+01  2.01388986e+00  1.38895614e+00  1.50827643e+01 
 2.53000000e+10 -1.82088400e+01  2.12745945e+01 -5.11692235e+01 -1.61506429e+01  2.01628895e+00  1.39196700e+00  1.50439688e+01 
 2.54000000e+10 -1.77249987e+01  2.12246172e+01 -5.11467377e+01 -1.54966001e+01  2.01875022e+00  1.39498235e+00  1.50055233e+01 
 2.55000000e+10 -1.72699705e+01  2.11732131e+01 -5.11258972e+01 -1.48978150e+01  2.02127415e+00  1.39800214e+00  1.49674225e+01 
 2.56000000e+10 -1.68407617e+01  2.11204414e+01 -5.11066410e+01 -1.43466216e+01  2.02386125e+00  1.40102633e+00  1.49296610e+01 
 2.57000000e+10 -1.64348217e+01  2.10663605e+01 -5.10889095e+01 -1.38368446e+01  2.02651201e+00  1.40405490e+00  1.48922335e+01 
 2.58000000e+10 -1.60499597e+01  2.10110273e+01 -5.10726443e+01 -1.33634363e+01  2.02922693e+00  1.40708779e+00  1.48551348e+01 
 2.59000000e+10 -1.56842799e+01  2.09544976e+01 -5.10577881e+01 -1.29222171e+01  2.03200649e+00  1.41012499e+00  1.48183600e+01 
 2.60000000e+10 -1.53361308e+01  2.08968258e+01 -5.10442853e+01 -1.25096866e+01  2.03485118e+00  1.41316644e+00  1.47819040e+01 
 2.61000000e+10 -1.50040650e+01  2.08380650e+01 -5.10320812e+01 -1.21228836e+01  2.03776148e+00  1.41621212e+00  1.47457620e+01 
 2.62000000e+10 -1.46868066e+01  2.07782668e+01 -5.10211229e+01 -1.17592797e+01  2.04073788e+00  1.41926198e+00  1.47099292e+01 
 2.63000000e+10 -1.43832253e+01  2.07174817e+01 -5.10113587e+01 -1.14166989e+01  2.04378086e+00  1.42231599e+00  1.46744010e+01 
 2.64000000e+10 -1.40923149e+01  2.06557583e+01 -5.10027383e+01 -1.10932539e+01  2.04689089e+00  1.42537412e+00  1.46391729e+01 
 2.65000000e+10 -1.38131756e+01  2.05931443e+01 -5.09952131e+01 -1.07872974e+01  2.05006845e+00  1.42843634e+00  1.46042402e+01 
 2.66000000e+10 -1.35449998e+01  2.05296855e+01 -5.09887356e+01 -1.04973823e+01  2.05331401e+00  1.43150260e+00  1.45695987e+01 
 2.67000000e+10 -1.32870596e+01  2.04654266e+01 -5.09832601e+01 -1.02222305e+01  2.05662804e+00  1.43457287e+00  1.45352440e+01 
 2.68000000e+10 -1.30386967e+01  2.04004107e+01 -5.09787420e+01 -9.96070707e+00  2.06001101e+00  1.43764712e+00  1.45011719e+01 
 2.69000000e+10 -1.27993138e+01  2.03346794e+01 -5.09751385e+01 -9.71179963e+00  2.06346337e+00  1.44072532e+00  1.44673783e+01 
 2.70000000e+10 -1.25683673e+01  2.02682732e+01 -5.09724079e+01 -9.47460110e+00  2.06698559e+00  1.44380742e+00  1.44338590e+01 
 2.71000000e+10 -1.23453610e+01  2.02012309e+01 -5.09705100e+01 -9.24829544e+00  2.07057812e+00  1.44689341e+00  1.44006101e+01 
 2.72000000e+10 -1.21298408e+01  2.01335901e+01 -5.09694061e+01 -9.03214576e+00  2.07424142e+00  1.44998324e+00  1.43676276e+01 
 2.73000000e+10 -1.19213898e+01  2.00653869e+01 -5.09690587e+01 -8.82548434e+00  2.07797593e+00  1.45307688e+00  1.43349078e+01 
 2.74000000e+10 -1.17196248e+01  1.99966562e+01 -5.09694319e+01 -8.62770415e+00  2.08178210e+00  1.45617430e+00  1.43024469e+01 
 2.75000000e+10 -1.15241923e+01  1.99274316e+01 -5.09704907e+01 -8.43825167e+00  2.08566037e+00  1.45927547e+00  1.42702411e+01 
 2.76000000e+10 -1.13347659e+01  1.98577454e+01 -5.09722017e+01 -8.25662075e+00  2.08961118e+00  1.46238035e+00  1.42382869e+01 
 2.77000000e+10 -1.11510432e+01  1.97876287e+01 -5.09745326e+01 -8.08234735e+00  2.09363497e+00  1.46548892e+00  1.42065806e+01 
 2.78000000e+10 -1.09727439e+01  1.97171113e+01 -5.09774526e+01 -7.91500496e+00  2.09773217e+00  1.46860114e+00  1.41751189e+01 
 2.79000000e+10 -1.07996074e+01  1.96462218e+01 -5.09809316e+01 -7.75420065e+00  2.10190320e+00  1.47171698e+00  1.41438981e+01 
 2.80000000e+10 -1.06313912e+01  1.95749879e+01 -5.09849410e+01 -7.59957169e+00  2.10614848e+00  1.47483641e+00  1.41129151e+01 
 2.81000000e+10 -1.04678691e+01  1.95034359e+01 -5.09894533e+01 -7.45078247e+00  2.11046845e+00  1.47795940e+00  1.40821665e+01 
 2.82000000e+10 -1.03088298e+01  1.94315911e+01 -5.09944421e+01 -7.30752191e+00  2.11486350e+00  1.48108593e+00  1.40516491e+01 
 2.83000000e+10 -1.01540759e+01  1.93594779e+01 -5.09998819e+01 -7.16950116e+00  2.11933405e+00  1.48421595e+00  1.40213596e+01 
 2.84000000e+10 -1.00034222e+01  1.92871195e+01 -5.10057483e+01 -7.03645152e+00  2.12388050e+00  1.48734944e+00  1.39912950e+01 
 2.85000000e+10 -9.85669524e+00  1.92145382e+01 -5.10120180e+01 -6.90812263e+00  2.12850327e+00  1.49048637e+00  1.39614521e+01 
 2.86000000e+10 -9.71373193e+00  1.91417554e+01 -5.10186685e+01 -6.78428089e+00  2.13320274e+00  1.49362671e+00  1.39318280e+01 
 2.87000000e+10 -9.57437896e+00  1.90687915e+01 -5.10256783e+01 -6.66470798e+00  2.13797930e+00  1.49677043e+00  1.39024198e+01 
 2.88000000e+10 -9.43849199e+00  1.89956660e+01 -5.10330269e+01 -6.54919962e+00  2.14283336e+00  1.49991750e+00  1.38732244e+01 
 2.89000000e+10 -9.30593494e+00  1.89223976e+01 -5.10406945e+01 -6.43756437e+00  2.14776528e+00  1.50306790e+00  1.38442391e+01 
 2.90000000e+10 -9.17657938e+00  1.88490042e+01 -5.10486621e+01 -6.32962265e+00  2.15277544e+00  1.50622159e+00  1.38154610e+01 
 2.91000000e+10 -9.05030399e+00  1.87755028e+01 -5.10569117e+01 -6.22520576e+00  2.15786423e+00  1.50937855e+00  1.37868875e+01 
 2.92000000e+10 -8.92699404e+00  1.87019099e+01 -5.10654258e+01 -6.12415509e+00  2.16303201e+00  1.51253874e+00  1.37585157e+01 
 2.93000000e+10 -8.80654089e+00  1.86282410e+01 -5.10741880e+01 -6.02632129e+00  2.16827914e+00  1.51570215e+00  1.37303432e+01 
 2.94000000e+10 -8.68884162e+00  1.85545109e+01 -5.10831824e+01 -5.93156366e+00  2.17360598e+00  1.51886875e+00  1.37023671e+01 
 2.95000000e+10 -8.57379859e+00  1.84807338e+01 -5.10923937e+01 -5.83974947e+00  2.17901288e+00  1.52203849e+00  1.36745850e+01 
 2.96000000e+10 -8.46131913e+00  1.84069234e+01 -5.11018073e+01 -5.75075339e+00  2.18450019e+00  1.52521137e+00  1.36469944e+01 
 2.97000000e+10 -8.35131515e+00  1.83330926e+01 -5.11114095e+01 -5.66445700e+00  2.19006826e+00  1.52838735e+00  1.36195928e+01 
 2.98000000e+10 -8.24370291e+00  1.82592536e+01 -5.11211868e+01 -5.58074829e+00  2.19571742e+00  1.53156641e+00  1.35923778e+01 
 2.99000000e+10 -8.13840269e+00  1.81854182e+01 -5.11311267e+01 -5.49952124e+00  2.20144800e+00  1.53474851e+00  1.35653470e+01 
 3.00000000e+10 -8.03533857e+00  1.81115977e+01 -5.11412169e+01 -5.42067539e+00  2.20726033e+00  1.53793364e+00  1.35384979e+01 
