 frequency       s11db           s21db           s12db           s22db           nfdb            nfmindb         kfac           
 1.80000000e+10 -6.54337995e+00  1.83443475e+01 -6.07948959e+01 -2.04753010e+00  1.85469725e+00  9.76486034e-01  1.95716310e+01 
 1.81000000e+10 -6.66793017e+00  1.84739710e+01 -6.05635390e+01 -2.12299106e+00  1.85325140e+00  9.79641639e-01  1.94703736e+01 
 1.82000000e+10 -6.79511836e+00  1.86021206e+01 -6.03341601e+01 -2.20142833e+00  1.85182767e+00  9.82803655e-01  1.93707230e+01 
 1.83000000e+10 -6.92503238e+00  1.87287539e+01 -6.01067957e+01 -2.28296702e+00  1.85042651e+00  9.85972006e-01  1.92726418e+01 
 1.84000000e+10 -7.05776489e+00  1.88538273e+01 -5.98814838e+01 -2.36773772e+00  1.84904841e+00  9.89146615e-01  1.91760940e+01 
 1.85000000e+10 -7.19341376e+00  1.89772961e+01 -5.96582641e+01 -2.45587676e+00  1.84769385e+00  9.92327408e-01  1.90810444e+01 
 1.86000000e+10 -7.33208237e+00  1.90991141e+01 -5.94371772e+01 -2.54752651e+00  1.84636330e+00  9.95514311e-01  1.89874590e+01 
 1.87000000e+10 -7.47388002e+00  1.92192338e+01 -5.92182653e+01 -2.64283562e+00  1.84505725e+00  9.98707250e-01  1.88953046e+01 
 1.88000000e+10 -7.61892236e+00  1.93376068e+01 -5.90015718e+01 -2.74195943e+00  1.84377618e+00  1.00190615e+00  1.88045489e+01 
 1.89000000e+10 -7.76733181e+00  1.94541833e+01 -5.87871412e+01 -2.84506023e+00  1.84252058e+00  1.00511095e+00  1.87151607e+01 
 1.90000000e+10 -7.91923809e+00  1.95689127e+01 -5.85750193e+01 -2.95230770e+00  1.84129095e+00  1.00832157e+00  1.86271096e+01 
 1.91000000e+10 -8.07477871e+00  1.96817433e+01 -5.83652528e+01 -3.06387931e+00  1.84008777e+00  1.01153794e+00  1.85403659e+01 
 1.92000000e+10 -8.23409959e+00  1.97926226e+01 -5.81578894e+01 -3.17996075e+00  1.83891156e+00  1.01476000e+00  1.84549009e+01 
 1.93000000e+10 -8.39735568e+00  1.99014973e+01 -5.79529775e+01 -3.30074643e+00  1.83776281e+00  1.01798767e+00  1.83706867e+01 
 1.94000000e+10 -8.56471168e+00  2.00083136e+01 -5.77505664e+01 -3.42644005e+00  1.83664202e+00  1.02122089e+00  1.82876959e+01 
 1.95000000e+10 -8.73634275e+00  2.01130169e+01 -5.75507060e+01 -3.55725517e+00  1.83554969e+00  1.02445959e+00  1.82059022e+01 
 1.96000000e+10 -8.91243541e+00  2.02155525e+01 -5.73534464e+01 -3.69341591e+00  1.83448635e+00  1.02770371e+00  1.81252797e+01 
 1.97000000e+10 -9.09318846e+00  2.03158653e+01 -5.71588383e+01 -3.83515770e+00  1.83345250e+00  1.03095319e+00  1.80458034e+01 
 1.98000000e+10 -9.27881400e+00  2.04139002e+01 -5.69669324e+01 -3.98272808e+00  1.83244865e+00  1.03420795e+00  1.79674489e+01 
 1.99000000e+10 -9.46953860e+00  2.05096020e+01 -5.67777794e+01 -4.13638770e+00  1.83147532e+00  1.03746793e+00  1.78901925e+01 
 2.00000000e+10 -9.66560456e+00  2.06029161e+01 -5.65914299e+01 -4.29641135e+00  1.83053303e+00  1.04073308e+00  1.78140110e+01 
 2.01000000e+10 -9.86727139e+00  2.06937880e+01 -5.64079341e+01 -4.46308921e+00  1.82962230e+00  1.04400333e+00  1.77388819e+01 
 2.02000000e+10 -1.00748174e+01  2.07821640e+01 -5.62273414e+01 -4.63672816e+00  1.82874366e+00  1.04727861e+00  1.76647833e+01 
 2.03000000e+10 -1.02885416e+01  2.08679912e+01 -5.60497007e+01 -4.81765340e+00  1.82789763e+00  1.05055888e+00  1.75916938e+01 
 2.04000000e+10 -1.05087656e+01  2.09512179e+01 -5.58750599e+01 -5.00621021e+00  1.82708474e+00  1.05384407e+00  1.75195926e+01 
 2.05000000e+10 -1.07358362e+01  2.10317935e+01 -5.57034654e+01 -5.20276604e+00  1.82630552e+00  1.05713411e+00  1.74484595e+01 
 2.06000000e+10 -1.09701278e+01  2.11096688e+01 -5.55349625e+01 -5.40771283e+00  1.82556050e+00  1.06042896e+00  1.73782747e+01 
 2.07000000e+10 -1.12120460e+01  2.11847966e+01 -5.53695947e+01 -5.62146975e+00  1.82485022e+00  1.06372856e+00  1.73090190e+01 
 2.08000000e+10 -1.14620304e+01  2.12571313e+01 -5.52074037e+01 -5.84448638e+00  1.82417522e+00  1.06703284e+00  1.72406735e+01 
 2.09000000e+10 -1.17205594e+01  2.13266297e+01 -5.50484291e+01 -6.07724635e+00  1.82353603e+00  1.07034175e+00  1.71732202e+01 
 2.10000000e+10 -1.19881546e+01  2.13932508e+01 -5.48927081e+01 -6.32027161e+00  1.82293320e+00  1.07365524e+00  1.71066410e+01 
 2.11000000e+10 -1.22653862e+01  2.14569563e+01 -5.47402754e+01 -6.57412747e+00  1.82236726e+00  1.07697325e+00  1.70409187e+01 
 2.12000000e+10 -1.25528802e+01  2.15177106e+01 -5.45911632e+01 -6.83942842e+00  1.82183877e+00  1.08029573e+00  1.69760363e+01 
 2.13000000e+10 -1.28513253e+01  2.15754811e+01 -5.44454003e+01 -7.11684506e+00  1.82134826e+00  1.08362263e+00  1.69119773e+01 
 2.14000000e+10 -1.31614822e+01  2.16302383e+01 -5.43030129e+01 -7.40711232e+00  1.82089629e+00  1.08695388e+00  1.68487255e+01 
 2.15000000e+10 -1.34841947e+01  2.16819563e+01 -5.41640236e+01 -7.71103917e+00  1.82048341e+00  1.09028945e+00  1.67862653e+01 
 2.16000000e+10 -1.38204022e+01  2.17306124e+01 -5.40284515e+01 -8.02952029e+00  1.82011017e+00  1.09362927e+00  1.67245813e+01 
 2.17000000e+10 -1.41711554e+01  2.17761878e+01 -5.38963123e+01 -8.36355010e+00  1.81977711e+00  1.09697330e+00  1.66636585e+01 
 2.18000000e+10 -1.45376354e+01  2.18186673e+01 -5.37676177e+01 -8.71423970e+00  1.81948480e+00  1.10032148e+00  1.66034824e+01 
 2.19000000e+10 -1.49211762e+01  2.18580398e+01 -5.36423758e+01 -9.08283760e+00  1.81923379e+00  1.10367377e+00  1.65440387e+01 
 2.20000000e+10 -1.53232939e+01  2.18942980e+01 -5.35205905e+01 -9.47075503e+00  1.81902464e+00  1.10703011e+00  1.64853135e+01 
 2.21000000e+10 -1.57457211e+01  2.19274389e+01 -5.34022619e+01 -9.87959744e+00  1.81885791e+00  1.11039047e+00  1.64272931e+01 
 2.22000000e+10 -1.61904519e+01  2.19574633e+01 -5.32873859e+01 -1.03112037e+01  1.81873415e+00  1.11375478e+00  1.63699645e+01 
 2.23000000e+10 -1.66597978e+01  2.19843764e+01 -5.31759544e+01 -1.07676958e+01  1.81865393e+00  1.11712301e+00  1.63133145e+01 
 2.24000000e+10 -1.71564596e+01  2.20081874e+01 -5.30679551e+01 -1.12515416e+01  1.81861780e+00  1.12049510e+00  1.62573307e+01 
 2.25000000e+10 -1.76836214e+01  2.20289097e+01 -5.29633717e+01 -1.17656371e+01  1.81862633e+00  1.12387101e+00  1.62020006e+01 
 2.26000000e+10 -1.82450738e+01  2.20465607e+01 -5.28621838e+01 -1.23134130e+01  1.81868009e+00  1.12725069e+00  1.61473121e+01 
 2.27000000e+10 -1.88453795e+01  2.20611620e+01 -5.27643671e+01 -1.28989766e+01  1.81877964e+00  1.13063410e+00  1.60932536e+01 
 2.28000000e+10 -1.94900990e+01  2.20727387e+01 -5.26698933e+01 -1.35273049e+01  1.81892554e+00  1.13402119e+00  1.60398135e+01 
 2.29000000e+10 -2.01861050e+01  2.20813202e+01 -5.25787306e+01 -1.42045092e+01  1.81911836e+00  1.13741192e+00  1.59869806e+01 
 2.30000000e+10 -2.09420306e+01  2.20869394e+01 -5.24908431e+01 -1.49382104e+01  1.81935867e+00  1.14080625e+00  1.59347439e+01 
 2.31000000e+10 -2.17689256e+01  2.20896326e+01 -5.24061918e+01 -1.57380808e+01  1.81964703e+00  1.14420413e+00  1.58830926e+01 
 2.32000000e+10 -2.26812488e+01  2.20894396e+01 -5.23247342e+01 -1.66166538e+01  1.81998401e+00  1.14760551e+00  1.58320163e+01 
 2.33000000e+10 -2.36984239e+01  2.20864036e+01 -5.22464245e+01 -1.75905750e+01  1.82037019e+00  1.15101036e+00  1.57815048e+01 
 2.34000000e+10 -2.48473905e+01  2.20805706e+01 -5.21712141e+01 -1.86826208e+01  1.82080612e+00  1.15441864e+00  1.57315480e+01 
 2.35000000e+10 -2.61670159e+01  2.20719894e+01 -5.20990514e+01 -1.99251289e+01  1.82129238e+00  1.15783030e+00  1.56821362e+01 
 2.36000000e+10 -2.77162481e+01  2.20607115e+01 -5.20298826e+01 -2.13662181e+01  1.82182954e+00  1.16124530e+00  1.56332597e+01 
 2.37000000e+10 -2.95904832e+01  2.20467909e+01 -5.19636510e+01 -2.30820564e+01  1.82241817e+00  1.16466360e+00  1.55849091e+01 
 2.38000000e+10 -3.19580232e+01  2.20302836e+01 -5.19002983e+01 -2.52039555e+01  1.82305883e+00  1.16808517e+00  1.55370755e+01 
 2.39000000e+10 -3.51515232e+01  2.20112477e+01 -5.18397637e+01 -2.79887452e+01  1.82375210e+00  1.17150996e+00  1.54897497e+01 
 2.40000000e+10 -3.98917718e+01  2.19897429e+01 -5.17819853e+01 -3.20550889e+01  1.82449854e+00  1.17493793e+00  1.54429230e+01 
 2.41000000e+10 -4.56684199e+01  2.19658306e+01 -5.17268992e+01 -3.96782472e+01  1.82529873e+00  1.17836905e+00  1.53965869e+01 
 2.42000000e+10 -4.10992370e+01  2.19395732e+01 -5.16744406e+01 -4.51396772e+01  1.82615323e+00  1.18180327e+00  1.53507331e+01 
 2.43000000e+10 -3.59778115e+01  2.19110345e+01 -5.16245435e+01 -3.42189649e+01  1.82706262e+00  1.18524056e+00  1.53053532e+01 
 2.44000000e+10 -3.25972705e+01  2.18802789e+01 -5.15771410e+01 -2.94407379e+01  1.82802745e+00  1.18868089e+00  1.52604392e+01 
 2.45000000e+10 -3.01410902e+01  2.18473717e+01 -5.15321658e+01 -2.63964890e+01  1.82904830e+00  1.19212421e+00  1.52159834e+01 
 2.46000000e+10 -2.82246607e+01  2.18123783e+01 -5.14895500e+01 -2.41688369e+01  1.83012573e+00  1.19557048e+00  1.51719781e+01 
 2.47000000e+10 -2.66579948e+01  2.17753647e+01 -5.14492255e+01 -2.24172731e+01  1.83126032e+00  1.19901969e+00  1.51284157e+01 
 2.48000000e+10 -2.53354861e+01  2.17363968e+01 -5.14111242e+01 -2.09779446e+01  1.83245262e+00  1.20247177e+00  1.50852888e+01 
 2.49000000e+10 -2.41928162e+01  2.16955405e+01 -5.13751781e+01 -1.97593755e+01  1.83370321e+00  1.20592671e+00  1.50425904e+01 
 2.50000000e+10 -2.31880360e+01  2.16528613e+01 -5.13413194e+01 -1.87052757e+01  1.83501264e+00  1.20938447e+00  1.50003132e+01 
 2.51000000e+10 -2.22923132e+01  2.16084245e+01 -5.13094809e+01 -1.77785287e+01  1.83638148e+00  1.21284501e+00  1.49584505e+01 
 2.52000000e+10 -2.14849959e+01  2.15622946e+01 -5.12795958e+01 -1.69533613e+01  1.83781030e+00  1.21630830e+00  1.49169955e+01 
 2.53000000e+10 -2.07507923e+01  2.15145357e+01 -5.12515982e+01 -1.62111420e+01  1.83929964e+00  1.21977431e+00  1.48759415e+01 
 2.54000000e+10 -2.00780666e+01  2.14652109e+01 -5.12254228e+01 -1.55379599e+01  1.84085007e+00  1.22324300e+00  1.48352821e+01 
 2.55000000e+10 -1.94577602e+01  2.14143824e+01 -5.12010053e+01 -1.49231506e+01  1.84246216e+00  1.22671434e+00  1.47950109e+01 
 2.56000000e+10 -1.88826835e+01  2.13621116e+01 -5.11782826e+01 -1.43583552e+01  1.84413645e+00  1.23018829e+00  1.47551218e+01 
 2.57000000e+10 -1.83470349e+01  2.13084587e+01 -5.11571924e+01 -1.38368983e+01  1.84587350e+00  1.23366483e+00  1.47156085e+01 
 2.58000000e+10 -1.78460646e+01  2.12534825e+01 -5.11376738e+01 -1.33533621e+01  1.84767386e+00  1.23714393e+00  1.46764653e+01 
 2.59000000e+10 -1.73758348e+01  2.11972411e+01 -5.11196672e+01 -1.29032874e+01  1.84953810e+00  1.24062554e+00  1.46376861e+01 
 2.60000000e+10 -1.69330443e+01  2.11397907e+01 -5.11031140e+01 -1.24829586e+01  1.85146674e+00  1.24410965e+00  1.45992654e+01 
 2.61000000e+10 -1.65148978e+01  2.10811868e+01 -5.10879573e+01 -1.20892461e+01  1.85346036e+00  1.24759621e+00  1.45611974e+01 
 2.62000000e+10 -1.61190078e+01  2.10214830e+01 -5.10741414e+01 -1.17194878e+01  1.85551948e+00  1.25108521e+00  1.45234768e+01 
 2.63000000e+10 -1.57433180e+01  2.09607318e+01 -5.10616120e+01 -1.13714003e+01  1.85764466e+00  1.25457661e+00  1.44860980e+01 
 2.64000000e+10 -1.53860453e+01  2.08989841e+01 -5.10503165e+01 -1.10430088e+01  1.85983643e+00  1.25807038e+00  1.44490559e+01 
 2.65000000e+10 -1.50456329e+01  2.08362896e+01 -5.10402033e+01 -1.07325940e+01  1.86209534e+00  1.26156648e+00  1.44123453e+01 
 2.66000000e+10 -1.47207133e+01  2.07726964e+01 -5.10312227e+01 -1.04386490e+01  1.86442192e+00  1.26506491e+00  1.43759611e+01 
 2.67000000e+10 -1.44100792e+01  2.07082509e+01 -5.10233264e+01 -1.01598455e+01  1.86681671e+00  1.26856561e+00  1.43398983e+01 
 2.68000000e+10 -1.41126585e+01  2.06429986e+01 -5.10164674e+01 -9.89500623e+00  1.86928025e+00  1.27206857e+00  1.43041520e+01 
 2.69000000e+10 -1.38274957e+01  2.05769830e+01 -5.10106002e+01 -9.64308272e+00  1.87181305e+00  1.27557376e+00  1.42687175e+01 
 2.70000000e+10 -1.35537348e+01  2.05102465e+01 -5.10056810e+01 -9.40313686e+00  1.87441564e+00  1.27908114e+00  1.42335901e+01 
 2.71000000e+10 -1.32906060e+01  2.04428299e+01 -5.10016672e+01 -9.17432583e+00  1.87708856e+00  1.28259070e+00  1.41987652e+01 
 2.72000000e+10 -1.30374149e+01  2.03747727e+01 -5.09985177e+01 -8.95588946e+00  1.87983232e+00  1.28610241e+00  1.41642384e+01 
 2.73000000e+10 -1.27935323e+01  2.03061129e+01 -5.09961929e+01 -8.74713968e+00  1.88264744e+00  1.28961623e+00  1.41300050e+01 
 2.74000000e+10 -1.25583866e+01  2.02368872e+01 -5.09946544e+01 -8.54745157e+00  1.88553443e+00  1.29313215e+00  1.40960610e+01 
 2.75000000e+10 -1.23314570e+01  2.01671310e+01 -5.09938654e+01 -8.35625583e+00  1.88849381e+00  1.29665013e+00  1.40624019e+01 
 2.76000000e+10 -1.21122674e+01  2.00968783e+01 -5.09937903e+01 -8.17303228e+00  1.89152608e+00  1.30017015e+00  1.40290237e+01 
 2.77000000e+10 -1.19003816e+01  2.00261618e+01 -5.09943948e+01 -7.99730439e+00  1.89463175e+00  1.30369218e+00  1.39959222e+01 
 2.78000000e+10 -1.16953988e+01  1.99550130e+01 -5.09956458e+01 -7.82863446e+00  1.89781133e+00  1.30721621e+00  1.39630935e+01 
 2.79000000e+10 -1.14969498e+01  1.98834621e+01 -5.09975116e+01 -7.66661955e+00  1.90106530e+00  1.31074219e+00  1.39305336e+01 
 2.80000000e+10 -1.13046942e+01  1.98115382e+01 -5.09999618e+01 -7.51088785e+00  1.90439416e+00  1.31427012e+00  1.38982386e+01 
 2.81000000e+10 -1.11183168e+01  1.97392692e+01 -5.10029668e+01 -7.36109557e+00  1.90779841e+00  1.31779996e+00  1.38662047e+01 
 2.82000000e+10 -1.09375258e+01  1.96666819e+01 -5.10064985e+01 -7.21692422e+00  1.91127853e+00  1.32133170e+00  1.38344283e+01 
 2.83000000e+10 -1.07620500e+01  1.95938018e+01 -5.10105298e+01 -7.07807819e+00  1.91483499e+00  1.32486530e+00  1.38029057e+01 
 2.84000000e+10 -1.05916373e+01  1.95206537e+01 -5.10150346e+01 -6.94428261e+00  1.91846829e+00  1.32840074e+00  1.37716333e+01 
 2.85000000e+10 -1.04260527e+01  1.94472611e+01 -5.10199880e+01 -6.81528150e+00  1.92217890e+00  1.33193800e+00  1.37406076e+01 
 2.86000000e+10 -1.02650769e+01  1.93736465e+01 -5.10253659e+01 -6.69083609e+00  1.92596728e+00  1.33547706e+00  1.37098251e+01 
 2.87000000e+10 -1.01085050e+01  1.92998317e+01 -5.10311454e+01 -6.57072333e+00  1.92983389e+00  1.33901789e+00  1.36792825e+01 
 2.88000000e+10 -9.95614508e+00  1.92258372e+01 -5.10373045e+01 -6.45473456e+00  1.93377921e+00  1.34256047e+00  1.36489764e+01 
 2.89000000e+10 -9.80781717e+00  1.91516829e+01 -5.10438219e+01 -6.34267434e+00  1.93780369e+00  1.34610478e+00  1.36189036e+01 
 2.90000000e+10 -9.66335240e+00  1.90773877e+01 -5.10506774e+01 -6.23435935e+00  1.94190778e+00  1.34965080e+00  1.35890609e+01 
 2.91000000e+10 -9.52259202e+00  1.90029698e+01 -5.10578516e+01 -6.12961747e+00  1.94609193e+00  1.35319850e+00  1.35594451e+01 
 2.92000000e+10 -9.38538659e+00  1.89284463e+01 -5.10653259e+01 -6.02828688e+00  1.95035657e+00  1.35674787e+00  1.35300531e+01 
 2.93000000e+10 -9.25159532e+00  1.88538338e+01 -5.10730825e+01 -5.93021531e+00  1.95470215e+00  1.36029888e+00  1.35008819e+01 
 2.94000000e+10 -9.12108536e+00  1.87791481e+01 -5.10811042e+01 -5.83525929e+00  1.95912911e+00  1.36385150e+00  1.34719286e+01 
 2.95000000e+10 -8.99373127e+00  1.87044044e+01 -5.10893749e+01 -5.74328353e+00  1.96363786e+00  1.36740573e+00  1.34431902e+01 
 2.96000000e+10 -8.86941442e+00  1.86296168e+01 -5.10978788e+01 -5.65416033e+00  1.96822882e+00  1.37096153e+00  1.34146637e+01 
 2.97000000e+10 -8.74802256e+00  1.85547992e+01 -5.11066010e+01 -5.56776906e+00  1.97290243e+00  1.37451889e+00  1.33863465e+01 
 2.98000000e+10 -8.62944934e+00  1.84799646e+01 -5.11155272e+01 -5.48399563e+00  1.97765908e+00  1.37807779e+00  1.33582357e+01 
 2.99000000e+10 -8.51359391e+00  1.84051256e+01 -5.11246437e+01 -5.40273208e+00  1.98249919e+00  1.38163821e+00  1.33303287e+01 
 3.00000000e+10 -8.40036056e+00  1.83302939e+01 -5.11339374e+01 -5.32387617e+00  1.98742315e+00  1.38520012e+00  1.33026226e+01 
