 frequency       kfac            magdlt         
 1.00000000e+09  2.72946445e+03  9.63739398e-01 
 1.50000000e+09  1.41713411e+03  9.61755565e-01 
 2.00000000e+09  8.31024977e+02  9.59140684e-01 
 2.50000000e+09  5.33170385e+02  9.55892629e-01 
 3.00000000e+09  3.67378493e+02  9.52019116e-01 
 3.50000000e+09  2.68102414e+02  9.47512197e-01 
 4.00000000e+09  2.04972281e+02  9.42349327e-01 
 4.50000000e+09  1.62774043e+02  9.36497242e-01 
 5.00000000e+09  1.33365862e+02  9.29915056e-01 
 5.50000000e+09  1.12137018e+02  9.22556143e-01 
 6.00000000e+09  9.63462860e+01  9.14369100e-01 
 6.50000000e+09  8.42940007e+01  9.05298151e-01 
 7.00000000e+09  7.48871549e+01  8.95283269e-01 
 7.50000000e+09  6.74001146e+01  8.84260179e-01 
 8.00000000e+09  6.13374603e+01  8.72160384e-01 
 8.50000000e+09  5.63524709e+01  8.58911251e-01 
 9.00000000e+09  5.21970932e+01  8.44436243e-01 
 9.50000000e+09  4.86903407e+01  8.28655329e-01 
 1.00000000e+10  4.56978105e+01  8.11485651e-01 
 1.05000000e+10  4.31180946e+01  7.92842493e-01 
 1.10000000e+10  4.08735716e+01  7.72640666e-01 
 1.15000000e+10  3.89040473e+01  7.50796379e-01 
 1.20000000e+10  3.71622829e+01  7.27229761e-01 
 1.25000000e+10  3.56108014e+01  7.01868145e-01 
 1.30000000e+10  3.42195722e+01  6.74650329e-01 
 1.35000000e+10  3.29643088e+01  6.45531960e-01 
 1.40000000e+10  3.18252028e+01  6.14492265e-01 
 1.45000000e+10  3.07859702e+01  5.81542245e-01 
 1.50000000e+10  2.98331258e+01  5.46734416e-01 
 1.55000000e+10  2.89554259e+01  5.10173952e-01 
 1.60000000e+10  2.81434351e+01  4.72030808e-01 
 1.65000000e+10  2.73891885e+01  4.32551963e-01 
 1.70000000e+10  2.66859240e+01  3.92072305e-01 
 1.75000000e+10  2.60278709e+01  3.51022076e-01 
 1.80000000e+10  2.54100797e+01  3.09928177e-01 
 1.85000000e+10  2.48282850e+01  2.69406479e-01 
 1.90000000e+10  2.42787952e+01  2.30142702e-01 
 1.95000000e+10  2.37584017e+01  1.92860818e-01 
 2.00000000e+10  2.32643045e+01  1.58280081e-01 
 2.05000000e+10  2.27940514e+01  1.27064201e-01 
 2.10000000e+10  2.23454869e+01  9.97678318e-02 
 2.15000000e+10  2.19167104e+01  7.67853335e-02 
 2.20000000e+10  2.15060401e+01  5.83057116e-02 
 2.25000000e+10  2.11119840e+01  4.42825170e-02 
 2.30000000e+10  2.07332144e+01  3.44565360e-02 
 2.35000000e+10  2.03685467e+01  2.85180274e-02 
 2.40000000e+10  2.00169212e+01  2.63996911e-02 
 2.45000000e+10  1.96773876e+01  2.82716830e-02 
 2.50000000e+10  1.93490919e+01  3.40076493e-02 
 2.55000000e+10  1.90312647e+01  4.30216609e-02 
 2.60000000e+10  1.87232116e+01  5.46333265e-02 
 2.65000000e+10  1.84243042e+01  6.82722423e-02 
 2.70000000e+10  1.81339733e+01  8.34816249e-02 
 2.75000000e+10  1.78517016e+01  9.98861661e-02 
 2.80000000e+10  1.75770189e+01  1.17170733e-01 
 2.85000000e+10  1.73094963e+01  1.35068796e-01 
 2.90000000e+10  1.70487425e+01  1.53355410e-01 
 2.95000000e+10  1.67943996e+01  1.71842039e-01 
 3.00000000e+10  1.65461395e+01  1.90372117e-01 
 3.05000000e+10  1.63036615e+01  2.08817021e-01 
 3.10000000e+10  1.60666890e+01  2.27072358e-01 
 3.15000000e+10  1.58349674e+01  2.45054584e-01 
 3.20000000e+10  1.56082621e+01  2.62697939e-01 
 3.25000000e+10  1.53863564e+01  2.79951734e-01 
 3.30000000e+10  1.51690497e+01  2.96777952e-01 
 3.35000000e+10  1.49561565e+01  3.13149166e-01 
 3.40000000e+10  1.47475045e+01  3.29046736e-01 
 3.45000000e+10  1.45429336e+01  3.44459262e-01 
 3.50000000e+10  1.43422948e+01  3.59381265e-01 
 3.55000000e+10  1.41454492e+01  3.73812074e-01 
 3.60000000e+10  1.39522672e+01  3.87754875e-01 
 3.65000000e+10  1.37626275e+01  4.01215924e-01 
 3.70000000e+10  1.35764166e+01  4.14203881e-01 
 3.75000000e+10  1.33935279e+01  4.26729256e-01 
 3.80000000e+10  1.32138614e+01  4.38803953e-01 
 3.85000000e+10  1.30373229e+01  4.50440888e-01 
 3.90000000e+10  1.28638237e+01  4.61653681e-01 
 3.95000000e+10  1.26932798e+01  4.72456396e-01 
 4.00000000e+10  1.25256121e+01  4.82863340e-01 
 4.05000000e+10  1.23607456e+01  4.92888892e-01 
 4.10000000e+10  1.21986091e+01  5.02547370e-01 
 4.15000000e+10  1.20391350e+01  5.11852926e-01 
 4.20000000e+10  1.18822590e+01  5.20819462e-01 
 4.25000000e+10  1.17279198e+01  5.29460567e-01 
 4.30000000e+10  1.15760589e+01  5.37789469e-01 
 4.35000000e+10  1.14266206e+01  5.45818999e-01 
 4.40000000e+10  1.12795513e+01  5.53561569e-01 
 4.45000000e+10  1.11347999e+01  5.61029155e-01 
 4.50000000e+10  1.09923172e+01  5.68233286e-01 
 4.55000000e+10  1.08520560e+01  5.75185046e-01 
 4.60000000e+10  1.07139709e+01  5.81895071e-01 
 4.65000000e+10  1.05780181e+01  5.88373557e-01 
 4.70000000e+10  1.04441555e+01  5.94630267e-01 
 4.75000000e+10  1.03123423e+01  6.00674539e-01 
 4.80000000e+10  1.01825392e+01  6.06515302e-01 
 4.85000000e+10  1.00547082e+01  6.12161085e-01 
 4.90000000e+10  9.92881236e+00  6.17620032e-01 
 4.95000000e+10  9.80481593e+00  6.22899915e-01 
 5.00000000e+10  9.68268426e+00  6.28008151e-01 
 5.05000000e+10  9.56238367e+00  6.32951815e-01 
 5.10000000e+10  9.44388143e+00  6.37737653e-01 
 5.15000000e+10  9.32714573e+00  6.42372097e-01 
 5.20000000e+10  9.21214556e+00  6.46861282e-01 
 5.25000000e+10  9.09885075e+00  6.51211057e-01 
 5.30000000e+10  8.98723187e+00  6.55426995e-01 
 5.35000000e+10  8.87726023e+00  6.59514414e-01 
 5.40000000e+10  8.76890783e+00  6.63478382e-01 
 5.45000000e+10  8.66214731e+00  6.67323731e-01 
 5.50000000e+10  8.55695197e+00  6.71055073e-01 
 5.55000000e+10  8.45329568e+00  6.74676802e-01 
 5.60000000e+10  8.35115292e+00  6.78193113e-01 
 5.65000000e+10  8.25049870e+00  6.81608008e-01 
 5.70000000e+10  8.15130856e+00  6.84925304e-01 
 5.75000000e+10  8.05355857e+00  6.88148646e-01 
 5.80000000e+10  7.95722529e+00  6.91281513e-01 
 5.85000000e+10  7.86228574e+00  6.94327227e-01 
 5.90000000e+10  7.76871741e+00  6.97288960e-01 
 5.95000000e+10  7.67649823e+00  7.00169744e-01 
 6.00000000e+10  7.58560658e+00  7.02972474e-01 
 6.05000000e+10  7.49602123e+00  7.05699918e-01 
 6.10000000e+10  7.40772137e+00  7.08354721e-01 
 6.15000000e+10  7.32068656e+00  7.10939413e-01 
 6.20000000e+10  7.23489677e+00  7.13456414e-01 
 6.25000000e+10  7.15033234e+00  7.15908038e-01 
 6.30000000e+10  7.06697394e+00  7.18296500e-01 
 6.35000000e+10  6.98480262e+00  7.20623920e-01 
 6.40000000e+10  6.90379976e+00  7.22892328e-01 
 6.45000000e+10  6.82394708e+00  7.25103668e-01 
 6.50000000e+10  6.74522663e+00  7.27259800e-01 
 6.55000000e+10  6.66762078e+00  7.29362510e-01 
 6.60000000e+10  6.59111219e+00  7.31413506e-01 
 6.65000000e+10  6.51568385e+00  7.33414427e-01 
 6.70000000e+10  6.44131904e+00  7.35366845e-01 
 6.75000000e+10  6.36800133e+00  7.37272266e-01 
 6.80000000e+10  6.29571457e+00  7.39132137e-01 
 6.85000000e+10  6.22444291e+00  7.40947844e-01 
 6.90000000e+10  6.15417075e+00  7.42720719e-01 
 6.95000000e+10  6.08488278e+00  7.44452040e-01 
 7.00000000e+10  6.01656393e+00  7.46143034e-01 
 7.05000000e+10  5.94919943e+00  7.47794882e-01 
 7.10000000e+10  5.88277471e+00  7.49408714e-01 
 7.15000000e+10  5.81727549e+00  7.50985620e-01 
 7.20000000e+10  5.75268773e+00  7.52526645e-01 
 7.25000000e+10  5.68899760e+00  7.54032795e-01 
 7.30000000e+10  5.62619154e+00  7.55505038e-01 
 7.35000000e+10  5.56425621e+00  7.56944303e-01 
 7.40000000e+10  5.50317849e+00  7.58351485e-01 
 7.45000000e+10  5.44294550e+00  7.59727444e-01 
 7.50000000e+10  5.38354456e+00  7.61073011e-01 
 7.55000000e+10  5.32496321e+00  7.62388981e-01 
 7.60000000e+10  5.26718923e+00  7.63676124e-01 
 7.65000000e+10  5.21021056e+00  7.64935179e-01 
 7.70000000e+10  5.15401539e+00  7.66166857e-01 
 7.75000000e+10  5.09859207e+00  7.67371847e-01 
 7.80000000e+10  5.04392920e+00  7.68550808e-01 
 7.85000000e+10  4.99001552e+00  7.69704378e-01 
 7.90000000e+10  4.93683999e+00  7.70833173e-01 
 7.95000000e+10  4.88439176e+00  7.71937783e-01 
 8.00000000e+10  4.83266015e+00  7.73018782e-01 
 8.05000000e+10  4.78163467e+00  7.74076719e-01 
 8.10000000e+10  4.73130502e+00  7.75112126e-01 
 8.15000000e+10  4.68166105e+00  7.76125517e-01 
 8.20000000e+10  4.63269281e+00  7.77117386e-01 
 8.25000000e+10  4.58439049e+00  7.78088211e-01 
 8.30000000e+10  4.53674448e+00  7.79038454e-01 
 8.35000000e+10  4.48974530e+00  7.79968560e-01 
 8.40000000e+10  4.44338367e+00  7.80878960e-01 
 8.45000000e+10  4.39765043e+00  7.81770068e-01 
 8.50000000e+10  4.35253660e+00  7.82642286e-01 
 8.55000000e+10  4.30803334e+00  7.83496002e-01 
 8.60000000e+10  4.26413197e+00  7.84331592e-01 
 8.65000000e+10  4.22082397e+00  7.85149417e-01 
 8.70000000e+10  4.17810093e+00  7.85949827e-01 
 8.75000000e+10  4.13595461e+00  7.86733162e-01 
 8.80000000e+10  4.09437691e+00  7.87499749e-01 
 8.85000000e+10  4.05335987e+00  7.88249905e-01 
 8.90000000e+10  4.01289564e+00  7.88983935e-01 
 8.95000000e+10  3.97297654e+00  7.89702138e-01 
 9.00000000e+10  3.93359500e+00  7.90404799e-01 
 9.05000000e+10  3.89474358e+00  7.91092196e-01 
 9.10000000e+10  3.85641497e+00  7.91764599e-01 
 9.15000000e+10  3.81860200e+00  7.92422267e-01 
 9.20000000e+10  3.78129760e+00  7.93065453e-01 
 9.25000000e+10  3.74449483e+00  7.93694401e-01 
 9.30000000e+10  3.70818686e+00  7.94309346e-01 
 9.35000000e+10  3.67236700e+00  7.94910519e-01 
 9.40000000e+10  3.63702865e+00  7.95498142e-01 
 9.45000000e+10  3.60216534e+00  7.96072428e-01 
 9.50000000e+10  3.56777069e+00  7.96633588e-01 
 9.55000000e+10  3.53383846e+00  7.97181823e-01 
 9.60000000e+10  3.50036249e+00  7.97717329e-01 
 9.65000000e+10  3.46733673e+00  7.98240296e-01 
 9.70000000e+10  3.43475524e+00  7.98750909e-01 
 9.75000000e+10  3.40261218e+00  7.99249347e-01 
 9.80000000e+10  3.37090181e+00  7.99735784e-01 
 9.85000000e+10  3.33961849e+00  8.00210388e-01 
 9.90000000e+10  3.30875667e+00  8.00673322e-01 
 9.95000000e+10  3.27831090e+00  8.01124746e-01 
 1.00000000e+11  3.24827582e+00  8.01564813e-01 
