% time-domain voltage integration by openEMS v0.37.0-rc2-22-ga8efa7d @Sat Oct 10 21:07:13 2026
% start-coordinates: (-9.18e-06,-2.518e-05,0.00029118) m -> [55,16,12]
% stop-coordinates: (6.92e-06,-2.518e-05,0.00029118) m -> [71,16,12]
% t/s	voltage
0	-0
3.12466414547e-12	-5.93940618909e-10
6.24932829094e-12	-5.13738704355e-10
9.3739924364e-12	3.59308558601e-10
1.24986565819e-11	3.25266857892e-09
1.56233207273e-11	9.94986826264e-09
1.87479848728e-11	2.21369491626e-08
2.18726490183e-11	3.9977011923e-08
2.49973131637e-11	5.92522955145e-08
2.81219773092e-11	6.8280675336e-08
3.12466414547e-11	4.63315839028e-08
3.43713056001e-11	-3.36220659092e-08
3.74959697456e-11	-1.94971015333e-07
4.06206338911e-11	-4.40901445131e-07
4.37452980366e-11	-7.36176218652e-07
4.6869962182e-11	-9.97782308332e-07
4.99946263275e-11	-1.10557624566e-06
5.3119290473e-11	-9.3826102443e-07
5.62439546184e-11	-4.27081261023e-07
5.93686187639e-11	3.94346811206e-07
6.24932829094e-11	1.37163161185e-06
6.56179470548e-11	2.26098325129e-06
6.87426112003e-11	2.80661589613e-06
7.18672753458e-11	2.83497752207e-06
7.49919394912e-11	2.32396013189e-06
7.81166036367e-11	1.41401750398e-06
8.12412677822e-11	3.5504325524e-07
8.43659319276e-11	-5.86046577489e-07
8.74905960731e-11	-1.21524125518e-06
9.06152602186e-11	-1.4618119053e-06
9.3739924364e-11	-1.37513731602e-06
9.68645885095e-11	-1.0796918275e-06
9.9989252655e-11	-7.15509557381e-07
1.031139168e-10	-3.90933983851e-07
1.06238580946e-10	-1.61631415807e-07
1.09363245091e-10	-3.47735995554e-08
1.12487909237e-10	1.2483234002e-08
1.15612573382e-10	1.25954393582e-08
1.18737237528e-10	-6.53271392537e-09
1.21861901673e-10	-2.73671512119e-08
1.24986565819e-10	-4.22534043309e-08
1.28111229964e-10	-5.00077850241e-08
1.3123589411e-10	-5.23674539843e-08
1.34360558255e-10	-5.16234649264e-08
1.37485222401e-10	-4.95025435227e-08
1.40609886546e-10	-4.70098544814e-08
1.43734550692e-10	-4.43328546883e-08
1.46859214837e-10	-4.21978324856e-08
1.49983878982e-10	-4.02144097836e-08
1.53108543128e-10	-3.83293266453e-08
1.56233207273e-10	-3.64994941146e-08
1.59357871419e-10	-3.47940109855e-08
1.62482535564e-10	-3.31557969959e-08
1.6560719971e-10	-3.15984792718e-08
1.68731863855e-10	-3.01167970305e-08
1.71856528001e-10	-2.87133957788e-08
1.74981192146e-10	-2.73606559682e-08
1.78105856292e-10	-2.60882324311e-08
1.81230520437e-10	-2.48663871544e-08
1.84355184583e-10	-2.37085880708e-08
1.87479848728e-10	-2.2606969365e-08
1.90604512874e-10	-2.15542116171e-08
1.93729177019e-10	-2.05577698338e-08
1.96853841164e-10	-1.96026826807e-08
1.9997850531e-10	-1.86967583014e-08
2.03103169455e-10	-1.78357802412e-08
2.06227833601e-10	-1.70122940954e-08
2.09352497746e-10	-1.62284002001e-08
2.12477161892e-10	-1.547639785e-08
2.15601826037e-10	-1.47698669969e-08
2.18726490183e-10	-1.40934304363e-08
2.21851154328e-10	-1.34506976001e-08
2.24975818474e-10	-1.28325270287e-08
2.28100482619e-10	-1.2247324185e-08
2.31225146765e-10	-1.16870638027e-08
2.3434981091e-10	-1.11551069283e-08
2.37474475056e-10	-1.06420011688e-08
2.40599139201e-10	-1.01629848812e-08
2.43723803347e-10	-9.70327000506e-09
2.46848467492e-10	-9.26246026913e-09
2.49973131637e-10	-8.84216562848e-09
2.53097795783e-10	-8.44318967009e-09
2.56222459928e-10	-8.06447567856e-09
2.59347124074e-10	-7.69707707049e-09
2.62471788219e-10	-7.34772188911e-09
2.65596452365e-10	-7.02022196266e-09
2.6872111651e-10	-6.7032907284e-09
2.71845780656e-10	-6.40272403379e-09
2.74970444801e-10	-6.1185512578e-09
2.78095108947e-10	-5.84208061549e-09
2.81219773092e-10	-5.58000248373e-09
2.84344437238e-10	-5.32780317664e-09
2.87469101383e-10	-5.09269969012e-09
2.90593765529e-10	-4.86632866813e-09
2.93718429674e-10	-4.6500045393e-09
2.96843093819e-10	-4.44261285304e-09
2.99967757965e-10	-4.244866677e-09
3.0309242211e-10	-4.05356891293e-09
3.06217086256e-10	-3.87509940283e-09
3.09341750401e-10	-3.70294119057e-09
3.12466414547e-10	-3.54142283724e-09
3.15591078692e-10	-3.38313874112e-09
3.18715742838e-10	-3.23500951695e-09
3.21840406983e-10	-3.09144355084e-09
3.24965071129e-10	-2.95642132668e-09
3.28089735274e-10	-2.82542143775e-09
3.3121439942e-10	-2.70010700083e-09
3.34339063565e-10	-2.58254605619e-09
3.37463727711e-10	-2.46861051863e-09
3.40588391856e-10	-2.36072084814e-09
3.43713056001e-10	-2.25723248912e-09
3.46837720147e-10	-2.15783515942e-09
3.49962384292e-10	-2.063626986e-09
3.53087048438e-10	-1.97275385165e-09
3.56211712583e-10	-1.8858383074e-09
3.59336376729e-10	-1.80468212315e-09
3.62461040874e-10	-1.72545544477e-09
3.6558570502e-10	-1.65090759857e-09
3.68710369165e-10	-1.57910017892e-09
3.71835033311e-10	-1.50930288351e-09
3.74959697456e-10	-1.44442694275e-09
3.78084361602e-10	-1.38230462037e-09
3.81209025747e-10	-1.32261327808e-09
3.84333689893e-10	-1.2652331465e-09
3.87458354038e-10	-1.20932861219e-09
3.90583018184e-10	-1.15782149403e-09
3.93707682329e-10	-1.10881875993e-09
3.96832346474e-10	-1.05993103174e-09
3.9995701062e-10	-1.01535510478e-09
4.03081674765e-10	-9.70343566453e-10
4.06206338911e-10	-9.2828809737e-10
4.09331003056e-10	-8.88269774108e-10
4.12455667202e-10	-8.50317176158e-10
4.15580331347e-10	-8.13336294529e-10
4.18704995493e-10	-7.78487313833e-10
4.21829659638e-10	-7.46296426341e-10
4.24954323784e-10	-7.14993915072e-10
4.28078987929e-10	-6.83289534499e-10
4.31203652075e-10	-6.5382450721e-10
4.3432831622e-10	-6.26055219453e-10
4.37452980366e-10	-5.99049511349e-10
4.40577644511e-10	-5.73597242973e-10
4.43702308656e-10	-5.48503907634e-10
4.46826972802e-10	-5.25806252796e-10
4.49951636947e-10	-5.03054445043e-10
4.53076301093e-10	-4.81507239935e-10
4.56200965238e-10	-4.6194090584e-10
4.59325629384e-10	-4.41494957622e-10
4.62450293529e-10	-4.23094611123e-10
4.65574957675e-10	-4.04683328627e-10
4.6869962182e-10	-3.8787000012e-10
4.71824285966e-10	-3.7073037116e-10
4.74948950111e-10	-3.55187782945e-10
4.78073614257e-10	-3.40419689276e-10
4.81198278402e-10	-3.25685544549e-10
4.84322942548e-10	-3.12939271105e-10
4.87447606693e-10	-2.98787784862e-10
4.90572270838e-10	-2.86621927966e-10
4.93696934984e-10	-2.74688721882e-10
4.96821599129e-10	-2.62357899802e-10
4.99946263275e-10	-2.51562038642e-10
5.0307092742e-10	-2.40943119308e-10
5.06195591566e-10	-2.30458285007e-10
5.09320255711e-10	-2.20866286242e-10
5.12444919857e-10	-2.1168459475e-10
5.15569584002e-10	-2.02848049795e-10
5.18694248148e-10	-1.94400412046e-10
5.21818912293e-10	-1.86016500225e-10
5.24943576439e-10	-1.79139201376e-10
5.28068240584e-10	-1.71005493923e-10
5.3119290473e-10	-1.63831184787e-10
5.34317568875e-10	-1.5673519598e-10
5.37442233021e-10	-1.49881608028e-10
5.40566897166e-10	-1.44403750888e-10
5.43691561311e-10	-1.37781622471e-10
5.46816225457e-10	-1.32203171689e-10
5.49940889602e-10	-1.26693752968e-10
5.53065553748e-10	-1.21215466868e-10
5.56190217893e-10	-1.1646401703e-10
5.59314882039e-10	-1.11604785266e-10
5.62439546184e-10	-1.06471407205e-10
5.6556421033e-10	-1.01780161723e-10
5.68688874475e-10	-9.81540090027e-11
5.71813538621e-10	-9.4018596237e-11
5.74938202766e-10	-9.07164345837e-11
