% time-domain current integration by openEMS v0.37.0-rc2-22-ga8efa7d @Sat Oct 10 17:48:16 2026
% start-coordinates: (-2.18e-06,-2.73756e-05,0.000288573) m -> [62,14,10]
% stop-coordinates: (-2.18e-06,-2.418e-05,0.00029218) m -> [62,17,13]
% t/s	current
8.44960558537e-16	0
3.12550910603e-12	2.27638546034e-12
6.25017325149e-12	-6.66467445468e-12
9.37483739696e-12	-7.03652143063e-13
1.24995015424e-11	2.29507697569e-11
1.56241656879e-11	8.12358930125e-11
1.87488298334e-11	2.04532404902e-10
2.18734939788e-11	4.10870670819e-10
2.49981581243e-11	6.96010804546e-10
2.81228222698e-11	9.96269400311e-10
3.12474864152e-11	1.14642273452e-09
3.43721505607e-11	8.66745009098e-10
3.74968147062e-11	-2.14013473609e-10
4.06214788516e-11	-2.45842257662e-09
4.37461429971e-11	-6.05975003509e-09
4.68708071426e-11	-1.08436903901e-08
4.9995471288e-11	-1.61276751953e-08
5.31201354335e-11	-2.07211030556e-08
5.6244799579e-11	-2.31246275462e-08
5.93694637245e-11	-2.191738524e-08
6.24941278699e-11	-1.62336366571e-08
6.56187920154e-11	-6.14738304705e-09
6.87434561609e-11	7.18500103858e-09
7.18681203063e-11	2.17222471122e-08
7.49927844518e-11	3.50336932797e-08
7.81174485973e-11	4.49328823038e-08
8.12421127427e-11	5.00424306438e-08
8.43667768882e-11	5.0092680226e-08
8.74914410337e-11	4.58806113102e-08
9.06161051791e-11	3.89227494679e-08
9.37407693246e-11	3.09619778704e-08
9.68654334701e-11	2.35027783901e-08
9.99900976155e-11	1.75117413903e-08
1.03114761761e-10	1.33445237083e-08
1.06239425906e-10	1.08620028527e-08
1.09364090052e-10	9.63927337949e-09
1.12488754197e-10	9.17972453607e-09
1.15613418343e-10	9.0652001461e-09
1.18738082488e-10	9.02032404326e-09
1.21862746634e-10	8.90958418154e-09
1.24987410779e-10	8.69769678502e-09
1.28112074925e-10	8.40206570984e-09
1.3123673907e-10	8.05691247052e-09
1.34361403216e-10	7.69351871099e-09
1.37486067361e-10	7.33141947151e-09
1.40610731507e-10	6.98206692462e-09
1.43735395652e-10	6.65523325338e-09
1.46860059798e-10	6.3318172927e-09
1.49984723943e-10	6.03470295957e-09
1.53109388088e-10	5.75077763187e-09
1.56234052234e-10	5.47725820255e-09
1.59358716379e-10	5.22087173493e-09
1.62483380525e-10	4.97538010791e-09
1.6560804467e-10	4.74080597002e-09
1.68732708816e-10	4.51870096896e-09
1.71857372961e-10	4.30762892023e-09
1.74982037107e-10	4.10551059815e-09
1.78106701252e-10	3.91382881659e-09
1.81231365398e-10	3.73123132391e-09
1.84356029543e-10	3.55746831993e-09
1.87480693689e-10	3.39173644726e-09
1.90605357834e-10	3.2340232714e-09
1.9373002198e-10	3.08433256713e-09
1.96854686125e-10	2.94131297096e-09
1.99979350271e-10	2.80521961216e-09
2.03104014416e-10	2.67590105629e-09
