% time-domain voltage integration by openEMS v0.37.0-rc2-22-ga8efa7d @Sat Oct 10 00:23:53 2026
% start-coordinates: (-6.67e-06,-1.654e-05,0.00029118) m -> [63,16,12]
% stop-coordinates: (-5.7e-07,-1.654e-05,0.00029118) m -> [69,16,12]
% t/s	voltage
0	-0
3.1245593237e-12	-1.06250783172e-09
6.24911864739e-12	-9.39006136735e-10
9.37367797109e-12	2.52453599692e-10
1.24982372948e-11	4.72012195996e-09
1.56227966185e-11	1.5326454772e-08
1.87473559422e-11	3.51817308619e-08
2.18719152659e-11	6.49737552649e-08
2.49964745896e-11	9.84333148324e-08
2.81210339133e-11	1.16770412006e-07
3.1245593237e-11	8.53102548604e-08
3.43701525606e-11	-4.25701582873e-08
3.74947118843e-11	-3.09294254208e-07
4.0619271208e-11	-7.24428993237e-07
4.37438305317e-11	-1.23175682631e-06
4.68683898554e-11	-1.68989322447e-06
4.99929491791e-11	-1.88744309071e-06
5.31175085028e-11	-1.60417599204e-06
5.62420678265e-11	-7.07248716481e-07
5.93666271502e-11	7.54619947863e-07
6.24911864739e-11	2.5100488017e-06
6.56157457976e-11	4.1145632963e-06
6.87403051213e-11	5.08897920781e-06
7.1864864445e-11	5.09673697024e-06
7.49894237687e-11	4.08193221801e-06
7.81139830924e-11	2.30123902156e-06
8.12385424161e-11	2.31752935065e-07
8.43631017398e-11	-1.60391837412e-06
8.74876610635e-11	-2.81589159101e-06
9.06122203872e-11	-3.25413753899e-06
9.37367797109e-11	-3.01092234167e-06
9.68613390346e-11	-2.33651738313e-06
9.99858983582e-11	-1.52027702427e-06
1.03110457682e-10	-7.91505591735e-07
1.06235017006e-10	-2.71862944601e-07
1.09359576329e-10	1.99263899825e-08
1.12484135653e-10	1.31383290025e-07
1.15608694977e-10	1.33303784011e-07
1.187332543e-10	8.83857307343e-08
1.21857813624e-10	3.73121817887e-08
1.24982372948e-10	-1.19861365278e-09
1.28106932272e-10	-2.34480346251e-08
1.31231491595e-10	-3.28990836795e-08
1.34356050919e-10	-3.46760783872e-08
1.37480610243e-10	-3.28829627277e-08
1.40605169566e-10	-2.99546396437e-08
1.4372972889e-10	-2.65991713308e-08
1.46854288214e-10	-2.40869701285e-08
1.49978847537e-10	-2.21380790011e-08
1.53103406861e-10	-2.02705091636e-08
1.56227966185e-10	-1.85509392743e-08
1.59352525508e-10	-1.70058351932e-08
1.62477084832e-10	-1.55792785686e-08
1.65601644156e-10	-1.42734222085e-08
1.6872620348e-10	-1.30917641424e-08
1.71850762803e-10	-1.20052858275e-08
1.74975322127e-10	-1.10200636489e-08
1.78099881451e-10	-1.00995776043e-08
1.81224440774e-10	-9.29346057879e-09
1.84349000098e-10	-8.5295958855e-09
1.87473559422e-10	-7.84097982506e-09
1.90598118745e-10	-7.22162566379e-09
1.93722678069e-10	-6.63804603971e-09
1.96847237393e-10	-6.10825956981e-09
1.99971796716e-10	-5.63694667419e-09
2.0309635604e-10	-5.19502960897e-09
2.06220915364e-10	-4.79501923801e-09
2.09345474688e-10	-4.42105175082e-09
2.12470034011e-10	-4.08449994964e-09
2.15594593335e-10	-3.77339967107e-09
2.18719152659e-10	-3.48889731645e-09
2.21843711982e-10	-3.23207611261e-09
2.24968271306e-10	-2.99074501991e-09
2.2809283063e-10	-2.76975771767e-09
2.31217389953e-10	-2.56854213539e-09
2.34341949277e-10	-2.38152765271e-09
2.37466508601e-10	-2.21472304623e-09
2.40591067925e-10	-2.05670340676e-09
2.43715627248e-10	-1.91158011393e-09
2.46840186572e-10	-1.77660154437e-09
2.49964745896e-10	-1.65292434671e-09
2.53089305219e-10	-1.54348599353e-09
2.56213864543e-10	-1.43679283786e-09
2.59338423867e-10	-1.3371006959e-09
2.6246298319e-10	-1.2492224199e-09
2.65587542514e-10	-1.1642637594e-09
2.68712101838e-10	-1.08640450835e-09
2.71836661161e-10	-1.01870603896e-09
2.74961220485e-10	-9.50845950668e-10
2.78085779809e-10	-8.91098589611e-10
2.81210339133e-10	-8.35636114504e-10
2.84334898456e-10	-7.80531611132e-10
2.8745945778e-10	-7.30124390851e-10
2.90584017104e-10	-6.86589995361e-10
2.93708576427e-10	-6.43974821439e-10
2.96833135751e-10	-6.07384578722e-10
2.99957695075e-10	-5.6744704271e-10
3.03082254398e-10	-5.35817061808e-10
3.06206813722e-10	-5.00418136968e-10
3.09331373046e-10	-4.72668009062e-10
3.1245593237e-10	-4.42329255843e-10
3.15580491693e-10	-4.1849990636e-10
