% time-domain current integration by openEMS v0.37.0-rc2-22-ga8efa7d @Sat Oct 10 00:23:53 2026
% start-coordinates: (-4.67e-06,-1.87356e-05,0.000288573) m -> [65,14,10]
% stop-coordinates: (-4.67e-06,-1.554e-05,0.00029218) m -> [65,17,13]
% t/s	current
8.52772741183e-16	0
3.12541209644e-12	-7.61295323656e-13
6.24997142013e-12	-1.16250082477e-11
9.37453074383e-12	8.48609214583e-13
1.24990900675e-11	3.99661762018e-11
1.56236493912e-11	1.43440731515e-10
1.87482087149e-11	3.53157558752e-10
2.18727680386e-11	7.0167621713e-10
2.49973273623e-11	1.17496334884e-09
2.8121886686e-11	1.6510987022e-09
3.12464460097e-11	1.84134330006e-09
3.43710053334e-11	1.26502286424e-09
3.74955646571e-11	-6.93540225249e-10
4.06201239808e-11	-4.60802285218e-09
4.37446833045e-11	-1.0723186783e-08
4.68692426282e-11	-1.8634743526e-08
4.99938019519e-11	-2.70729785257e-08
5.31183612756e-11	-3.39430421548e-08
5.62429205993e-11	-3.67148800251e-08
5.9367479923e-11	-3.31104352824e-08
6.24920392466e-11	-2.1902843983e-08
6.56165985703e-11	-3.5348555194e-09
6.8741157894e-11	1.97128855461e-08
7.18657172177e-11	4.41283098951e-08
7.49902765414e-11	6.54615845974e-08
7.81148358651e-11	8.00339421403e-08
8.12393951888e-11	8.56817479189e-08
8.43639545125e-11	8.2238983623e-08
8.74885138362e-11	7.14135666158e-08
9.06130731599e-11	5.61458399773e-08
9.37376324836e-11	3.97100770044e-08
9.68621918073e-11	2.48712499484e-08
9.9986751131e-11	1.33531079527e-08
1.03111310455e-10	5.71252778414e-09
1.06235869778e-10	1.56451407385e-09
1.09360429102e-10	-9.94485743755e-12
1.12484988426e-10	-5.02452385254e-11
1.15609547749e-10	5.74798764141e-10
1.18734107073e-10	1.29568356044e-09
1.21858666397e-10	1.83318893399e-09
1.24983225721e-10	2.11670081463e-09
1.28107785044e-10	2.18718287925e-09
1.31232344368e-10	2.12008410827e-09
1.34356903692e-10	1.9841621679e-09
1.37481463015e-10	1.82550863315e-09
1.40606022339e-10	1.66832381243e-09
1.43730581663e-10	1.53279400283e-09
1.46855140986e-10	1.3879033478e-09
1.4997970031e-10	1.2757199741e-09
1.53104259634e-10	1.16801524008e-09
1.56228818958e-10	1.06898856433e-09
1.59353378281e-10	9.79877401441e-10
1.62477937605e-10	8.97607821404e-10
1.65602496929e-10	8.22490686669e-10
1.68727056252e-10	7.54308504547e-10
1.71851615576e-10	6.91853740964e-10
1.749761749e-10	6.34886587747e-10
1.78100734223e-10	5.82285941686e-10
1.81225293547e-10	5.35463673401e-10
1.84349852871e-10	4.91627349941e-10
1.87474412194e-10	4.51796461354e-10
1.90598971518e-10	4.16035955686e-10
1.93723530842e-10	3.82626652584e-10
1.96848090166e-10	3.52106177548e-10
1.99972649489e-10	3.24810095487e-10
2.03097208813e-10	2.99401559101e-10
2.06221768137e-10	2.76281858502e-10
2.0934632746e-10	2.54826437729e-10
2.12470886784e-10	2.35345604116e-10
2.15595446108e-10	2.17425188964e-10
2.18720005431e-10	2.01034883185e-10
2.21844564755e-10	1.86248697021e-10
2.24969124079e-10	1.72303837864e-10
2.28093683402e-10	1.59636165398e-10
2.31218242726e-10	1.47990453225e-10
2.3434280205e-10	1.37221428664e-10
2.37467361374e-10	1.2756443124e-10
2.40591920697e-10	1.18489690282e-10
2.43716480021e-10	1.10057893354e-10
2.46841039345e-10	1.02381859934e-10
2.49965598668e-10	9.52066064874e-11
2.53090157992e-10	8.88278825495e-11
2.56214717316e-10	8.27652113511e-11
2.59339276639e-10	7.70581445875e-11
2.62463835963e-10	7.19899070911e-11
2.65588395287e-10	6.70779334855e-11
2.68712954611e-10	6.2628013886e-11
2.71837513934e-10	5.86379417244e-11
2.74962073258e-10	5.48073565698e-11
2.78086632582e-10	5.13199621688e-11
2.81211191905e-10	4.80992017049e-11
2.84335751229e-10	4.494080455e-11
2.87460310553e-10	4.20942933288e-11
2.90584869876e-10	3.95678212417e-11
2.937094292e-10	3.71188461912e-11
2.96833988524e-10	3.49589523996e-11
2.99958547847e-10	3.27002695755e-11
3.03083107171e-10	3.08345467215e-11
3.06207666495e-10	2.88685377686e-11
3.09332225819e-10	2.71893774856e-11
3.12456785142e-10	2.55112667102e-11
3.15581344466e-10	2.41025706338e-11
