vbe ic_mA ft_GHz nfmin_dB ropt_ohm xopt_ohm rn_ohm
0.80 1.14756 127.799 0.752916 121.878 175.543 34.1921
0.82 2.17319 187.639 0.735733 138.52 158.733 28.2671
0.84 3.8238 243.096 0.78401 144.3 133.148 24.975
0.86 6.19404 285.889 0.879794 139.45 104.919 22.8701
0.87 7.65054 302.082 0.941024 134.198 91.6952 22.055
0.88 9.2799 315.101 1.00964 127.799 79.6259 21.3447
0.89 11.0711 325.223 1.08492 120.731 68.878 20.7182
0.90 13.0159 332.692 1.16665 113.35 59.4516 20.1609
0.91 15.1057 337.671 1.2549 105.914 51.2724 19.6634
0.92 17.3288 340.251 1.3497 98.6155 44.241 19.2195
0.93 19.6779 340.475 1.45148 91.5661 38.2257 18.8241
0.94 22.1457 338.356 1.56073 84.8361 33.0999 18.4734
0.95 24.7257 333.905 1.67809 78.4641 28.7449 18.1645
0.96 27.4123 327.156 1.80432 72.467 25.0534 17.8952
0.98 33.0841 307.078 2.08691 61.6015 19.2919 17.4699
1.00 39.13 278.238 2.41762 52.1413 15.1987 17.1932
1.02 45.5104 244.296 2.80591 44.0195 12.268 17.0725
1.04 52.1979 207.854 3.26458 37.1045 10.1381 17.135
