% time-domain current integration by openEMS v0.37.0-rc2-22-ga8efa7d @Sun Oct 11 04:53:50 2026
% start-coordinates: (-9.0625e-08,-2.19556e-06,0.000288573) m -> [51,14,10]
% stop-coordinates: (-9.0625e-08,4e-06,0.00029218) m -> [51,19,13]
% t/s	current
8.24303753963e-16	0
3.12493553128e-12	-2.0706608303e-11
6.2490467588e-12	-4.74872328959e-11
9.37315798632e-12	-2.18577569239e-11
1.24972692138e-11	1.36666483685e-10
1.56213804414e-11	5.77776326782e-10
1.87454916689e-11	1.50186574288e-09
2.18696028964e-11	3.08443159902e-09
2.49937141239e-11	5.28058663463e-09
2.81178253514e-11	7.53385265284e-09
3.1241936579e-11	8.4497644437e-09
3.43660478065e-11	5.63767210693e-09
3.7490159034e-11	-3.99747790425e-09
4.06142702615e-11	-2.32870256411e-08
4.37383814891e-11	-5.31549950722e-08
4.68624927166e-11	-9.07506034764e-08
4.99866039441e-11	-1.28228563767e-07
5.31107151716e-11	-1.53215196974e-07
5.62348263991e-11	-1.51580451302e-07
5.93589376267e-11	-1.12196985924e-07
6.24830488542e-11	-3.21752047228e-08
6.56071600817e-11	7.96784078716e-08
6.87312713092e-11	2.03189685521e-07
7.18553825367e-11	3.11590838464e-07
7.49794937643e-11	3.79424079711e-07
7.81036049918e-11	3.90686381024e-07
8.12277162193e-11	3.43978257433e-07
8.43518274468e-11	2.52595953043e-07
8.74759386744e-11	1.39666809673e-07
9.06000499019e-11	3.0465148626e-08
9.37241611294e-11	-5.49923093729e-08
9.68482723569e-11	-1.06466686134e-07
9.99723835844e-11	-1.24066943386e-07
1.03096494812e-10	-1.15526987088e-07
1.06220606039e-10	-9.19256279985e-08
1.09344717267e-10	-6.3719710397e-08
1.12468828495e-10	-3.82881850669e-08
1.15592939722e-10	-1.92665083887e-08
1.1871705095e-10	-7.21321047337e-09
1.21841162177e-10	-8.62655780143e-10
1.24965273405e-10	1.67775282556e-09
1.28089384632e-10	2.13306017294e-09
1.3121349586e-10	1.71747083222e-09
1.34337607087e-10	1.11418274606e-09
1.37461718315e-10	6.16386941488e-10
1.40585829542e-10	2.92578378192e-10
1.4370994077e-10	1.463414806e-10
1.46834051997e-10	3.586651115e-11
1.49958163225e-10	1.53584801127e-11
1.53082274452e-10	5.50199035637e-12
1.5620638568e-10	3.34063289184e-12
1.59330496907e-10	4.40370092822e-12
1.62454608135e-10	5.83341144486e-12
1.65578719362e-10	7.2800897255e-12
1.6870283059e-10	9.43657825492e-12
1.71826941817e-10	1.06529377333e-11
1.74951053045e-10	1.17166588931e-11
1.78075164272e-10	1.23090825727e-11
1.811992755e-10	1.29875875679e-11
1.84323386728e-10	1.27270321018e-11
1.87447497955e-10	1.30111390412e-11
