% time-domain voltage integration by openEMS v0.37.0-rc2-22-ga8efa7d @Sun Oct 11 04:53:50 2026
% start-coordinates: (-1.05e-06,1.5e-06,0.00029118) m -> [50,17,12]
% stop-coordinates: (1.05e-06,1.5e-06,0.00029118) m -> [52,17,12]
% t/s	voltage
0	-0
3.12411122752e-12	-4.29512292399e-09
6.24822245504e-12	-3.34950145398e-09
9.37233368256e-12	2.04457040187e-09
1.24964449101e-11	1.91269435845e-08
1.56205561376e-11	5.77626035891e-08
1.87446673651e-11	1.27122934401e-07
2.18687785926e-11	2.25396568965e-07
2.49928898202e-11	3.23734312246e-07
2.81170010477e-11	3.48041510279e-07
3.12411122752e-11	1.7271218411e-07
3.43652235027e-11	-3.55696556653e-07
3.74893347303e-11	-1.34954370878e-06
4.06134459578e-11	-2.77203173482e-06
4.37375571853e-11	-4.33015588897e-06
4.68616684128e-11	-5.44023919247e-06
4.99857796403e-11	-5.33883508069e-06
5.31098908679e-11	-3.36093944497e-06
5.62340020954e-11	6.88984130193e-07
5.93581133229e-11	6.24244103165e-06
6.24822245504e-11	1.19427609206e-05
6.56063357779e-11	1.59962346515e-05
6.87304470055e-11	1.68191190824e-05
7.1854558233e-11	1.3716727608e-05
7.49786694605e-11	7.2654795531e-06
7.8102780688e-11	-8.19685169517e-07
8.12268919156e-11	-8.3021257069e-06
8.43510031431e-11	-1.32498512357e-05
8.74751143706e-11	-1.46969191519e-05
9.05992255981e-11	-1.28636766021e-05
9.37233368256e-11	-8.8932001745e-06
9.68474480532e-11	-4.28886437476e-06
9.99715592807e-11	-3.40350595707e-07
1.03095670508e-10	2.22960886731e-06
1.06219781736e-10	3.31722492319e-06
1.09343892963e-10	3.25820906255e-06
1.12468004191e-10	2.56129499121e-06
1.15592115418e-10	1.68511422771e-06
1.18716226646e-10	9.23756232396e-07
1.21840337873e-10	3.96492183086e-07
1.24964449101e-10	9.89500144044e-08
1.28088560328e-10	-3.13631272064e-08
1.31212671556e-10	-6.52857465866e-08
1.34336782783e-10	-5.66590969697e-08
1.37460894011e-10	-3.69057193694e-08
1.40585005238e-10	-1.97916651956e-08
1.43709116466e-10	-7.33928939844e-09
1.46833227694e-10	-1.79435499792e-09
1.49957338921e-10	-7.69316027549e-10
1.53081450149e-10	-2.77293230044e-10
1.56205561376e-10	-1.71610212152e-10
1.59329672604e-10	-2.2430635821e-10
1.62453783831e-10	-2.76855163794e-10
1.65577895059e-10	-3.71434313862e-10
1.68702006286e-10	-4.61853708056e-10
1.71826117514e-10	-5.39089134444e-10
1.74950228741e-10	-5.77142889036e-10
1.78074339969e-10	-6.22728840716e-10
1.81198451196e-10	-6.39878483533e-10
1.84322562424e-10	-6.31728058753e-10
1.87446673651e-10	-6.36194125159e-10
